FAST.RCD
========
[SELECTOR]
1, 15, 190, 30, 30, 1, 0,UF
2, 15, 235, 30, 30, 2, 0,DF
3, 15, 280, 30, 30, 1, 0,US
4, 15, 325, 30, 30, 2, 0,DS
5, 805, 10, 30, 30, 3, 1,1
6, 805, 55, 30, 30, 3, 2,2
7, 805, 100, 30, 30, 3, 3,3
8, 805, 145, 30, 30, 3, 4,4
9, 805, 190, 30, 30, 3, 5,5
10, 805, 235, 30, 30, 3, 6,6
11, 805, 280, 30, 30, 3, 7,7
12, 805, 325, 30, 30, 3, 8,8
13, 805, 370, 30, 30, 4, 9,9
14, 805, 415, 30, 30, 4, 10,10
15, 805, 460, 30, 30, 3, 11,UB
16, 805, 505, 30, 30, 6, 0,LY
17, 130, 280, 30, 30, 5, 28,H

[SECTIONS]
1, 50, 200, 130, 200, 130, 210, 50, 210
2, 145, 200, 225, 200, 225, 210, 145, 210
3, 240, 200, 320, 200, 320, 210, 240, 210
4, 335, 200, 415, 200, 415, 210, 335, 210
5, 430, 200, 480, 200, 480, 210, 430, 210
6, 495, 200, 545, 200, 545, 210, 495, 210
7, 560, 200, 610, 200, 610, 210, 560, 210
8, 625, 200, 655, 200, 655, 210, 625, 210
9, 670, 200, 780, 200, 780, 210, 670, 210
10, 130, 215, 145, 215, 175, 240, 160, 240
11, 320, 215, 335, 215, 305, 240, 290, 240
12, 480, 215, 495, 215, 465, 240, 450, 240
13, 610, 215, 625, 215, 595, 240, 580, 240
14, 50, 245, 100, 245, 100, 255, 50, 255
15, 115, 245, 160, 245, 160, 255, 115, 255
16, 175, 245, 290, 245, 290, 255, 175, 255
17, 305, 245, 385, 245, 385, 255, 305, 255
18, 400, 245, 450, 245, 450, 255, 400, 255
19, 465, 245, 500, 245, 500, 255, 465, 255
20, 515, 245, 530, 245, 530, 255, 515, 255
21, 545, 245, 580, 245, 580, 255, 545, 255
22, 595, 245, 655, 245, 655, 255, 595, 255
23, 670, 245, 780, 245, 780, 255, 670, 255
24, 385, 260, 400, 260, 370, 285, 355, 285
25, 500, 260, 515, 260, 545, 285, 530, 285
26, 530, 260, 545, 260, 515, 285, 500, 285
27, 50, 290, 125, 290, 125, 300, 50, 300
28, 165, 290, 240, 290, 240, 300, 165, 300
29, 255, 290, 355, 290, 355, 300, 255, 300
30, 370, 290, 450, 290, 450, 300, 370, 300
31, 465, 290, 500, 290, 500, 300, 465, 300
32, 515, 290, 530, 290, 530, 300, 515, 300
33, 545, 290, 580, 290, 580, 300, 545, 300
34, 595, 290, 655, 290, 655, 300, 595, 300
35, 670, 290, 780, 290, 780, 300, 670, 300
36, 240, 305, 255, 305, 225, 330, 210, 330
37, 450, 305, 465, 305, 495, 330, 480, 330
38, 580, 305, 595, 305, 625, 330, 610, 330
39, 50, 335, 210, 335, 210, 345, 50, 345
40, 225, 335, 290, 335, 290, 345, 225, 345
41, 305, 335, 385, 335, 385, 345, 305, 345
42, 400, 335, 480, 335, 480, 345, 400, 345
43, 495, 335, 545, 335, 545, 345, 495, 345
44, 560, 335, 610, 335, 610, 345, 560, 345
45, 625, 335, 655, 335, 655, 345, 625, 345
46, 670, 335, 780, 335, 780, 345, 670, 345
47, 655, 350, 670, 350, 700, 375, 685, 375
48, 700, 380, 780, 380, 780, 390, 700, 390
49, 545, 350, 560, 350, 640, 420, 625, 420
50, 640, 425, 655, 425, 655, 435, 640, 435
51, 670, 425, 780, 425, 780, 435, 670, 435
52, 655, 440, 670, 440, 700, 465, 685, 465
53, 700, 470, 780, 470, 780, 480, 700, 480
54, 655, 195, 670, 195, 700, 170, 685, 170
55, 700, 155, 780, 155, 780, 165, 700, 165
56, 625, 125, 640, 125, 560, 195, 545, 195
57, 640, 110, 655, 110, 655, 120, 640, 120
58, 670, 110, 780, 110, 780, 120, 670, 120
59, 685, 80, 700, 80, 670, 105, 655, 105
60, 700, 65, 780, 65, 780, 75, 700, 75
61, 705, 35, 720, 35, 640, 105, 625, 105
62, 595, 35, 610, 35, 430, 195, 415, 195
63, 610, 20, 705, 20, 705, 30, 610, 30
64, 720, 20, 780, 20, 780, 30, 720, 30
65, 685, 485, 700, 485, 730, 510, 715, 510
66, 730, 515, 780, 515, 780, 525, 730, 525

[OVERLAPPING]
1, 25, 26

[PLATFORMS]
1, 790, 20, 800, 20, 800, 30, 790, 30
2, 790, 65, 800, 65, 800, 75, 790, 75
3, 790, 110, 800, 110, 800, 120, 790, 120
4, 790, 155, 800, 155, 800, 165, 790, 165
5, 790, 200, 800, 200, 800, 210, 790, 210
6, 790, 245, 800, 245, 800, 255, 790, 255
7, 790, 290, 800, 290, 800, 300, 790, 300
8, 790, 335, 800, 335, 800, 345, 790, 345
9, 790, 380, 800, 380, 800, 390, 790, 390
10, 790, 425, 800, 425, 800, 435, 790, 435
11, 790, 470, 800, 470, 800, 480, 790, 480

[ROUTES]
1, 1, 5, 1, 2003, 4, 62, 63, 64
2, 1, 5, 1, 2003, 4, 5006, 56061, 64
3, 1, 6, 1, 2003, 4, 5006, 56057, 59060
4, 1, 7, 1, 2003, 4, 5006, 56057, 58
5, 1, 8, 1, 2003, 4, 5006, 7008, 54055
6, 1, 9, 1, 2003, 4, 5006, 7008, 9
7, 1, 10, 1010, 16017, 18019, 20021, 22, 23
8, 1, 11, 1010, 16017, 18019, 25033, 34, 35
9, 1, 12, 1010, 16017, 18019, 25033, 38045, 46
10, 1, 13, 1010, 16017, 18019, 25033, 38045, 47048
11, 3, 5, 27, 28029, 24018, 12006, 56061, 64
12, 3, 6, 27, 28029, 24018, 12006, 56057, 59060
13, 3, 7, 27, 28029, 24018, 12006, 56057, 58
14, 3, 8, 27, 28029, 24018, 12006, 7008, 54055
15, 3, 8, 27028, 29024, 18019, 20021, 13008, 54055
16, 3, 8, 27, 28029, 30031, 26021, 13008, 54055
17, 3, 9, 27, 28029, 24018, 12006, 7008, 9
18, 3, 9, 27028, 29024, 18019, 20021, 13008, 9
19, 3, 9, 27, 28029, 30031, 26021, 13008, 9
20, 3, 10, 27, 28029, 30031, 26021, 22, 23
21, 3, 10, 27, 28029, 24018, 19020, 21022, 23
22, 3, 11, 27, 28029, 30031, 32033, 34, 35
23, 3, 12, 27, 28029, 30037, 43044, 45, 46
24, 3, 12, 27, 28029, 30031, 32033, 38045, 46
25, 3, 13, 27, 28029, 30037, 43044, 45, 47048
26, 3, 13, 27, 28029, 30031, 32033, 38045, 47048
27, 3, 14, 27, 28029, 30037, 43049, 50, 51
28, 3, 15, 27, 28029, 30037, 43049, 50052, 53
29, 3, 16, 27, 28029, 30037, 43049, 50052, 65066
30, 5, 2, 64, 63, 62, 4011, 16015, 14
31, 6, 2, 60059, 57056, 6012, 18017, 16015, 14
32, 6, 2, 60059, 57056, 6005, 4011, 16015, 14
33, 7, 2, 58, 57056, 6012, 18017, 16015, 14
34, 7, 2, 58, 57056, 6005, 4011, 16015, 14
35, 8, 2, 55054, 8013, 21020, 19018, 17016, 15014
36, 8, 2, 55054, 8007, 6012, 18017, 16015, 14
37, 8, 2, 55054, 8007, 6005, 4011, 16015, 14
38, 9, 2, 9008, 13021, 20019, 18017, 16015, 14
39, 9, 2, 9, 8007, 6012, 18017, 16015, 14
40, 9, 2, 9, 8007, 6005, 4011, 16015, 14
41, 10, 2, 23, 22021, 20019, 18017, 16015, 14
42, 11, 2, 35, 34033, 25019, 18017, 16015, 14
43, 12, 2, 46045, 38033, 25019, 18017, 16015, 14
44, 13, 2, 48047, 45038, 33025, 19018, 17016, 15014
45, 5, 4, 64, 61056, 6012, 18024, 29036, 39
46, 6, 4, 60059, 57056, 6012, 18024, 29036, 39
47, 7, 4, 58, 57056, 6012, 18024, 29036, 39
48, 8, 4, 55054, 8013, 21026, 31030, 29036, 39
49, 8, 4, 55054, 8013, 21020, 19018, 24029, 36039
50, 8, 4, 55054, 8007, 6012, 18024, 29036, 39
51, 9, 4, 9, 8013, 21026, 31030, 29036, 39
52, 9, 4, 9, 8013, 21020, 19018, 24029, 36039
53, 9, 4, 9, 8007, 6012, 18024, 29036, 39
54, 10, 4, 23, 22, 21026, 31030, 29036, 39
55, 10, 4, 23, 22021, 20019, 18024, 29036, 39
56, 11, 4, 35, 34, 33032, 31030, 29036, 39
57, 12, 4, 46, 45, 44043, 42, 41040, 39
58, 13, 4, 48047, 45, 44043, 42, 41040, 39
59, 14, 4, 51, 50049, 43, 42, 41040, 39
60, 15, 4, 53052, 50049, 43, 42, 41040, 39
61, 16, 4, 66065, 52050, 49043, 42, 41040, 39
62, 17, 5, 0, 29, 24018, 12006, 56061, 64
63, 17, 6, 0, 29, 24018, 12006, 56057, 59060
64, 17, 7, 0, 29, 24018, 12006, 56057, 58
65, 17, 8, 0, 29, 24018, 12006, 7008, 54055
66, 17, 8, 0, 29024, 18019, 20021, 13008, 54055
67, 17, 8, 0, 29, 30031, 26021, 13008, 54055
68, 17, 9, 0, 29, 24018, 12006, 7008, 9
69, 17, 9, 0, 29024, 18019, 20021, 13008, 9
70, 17, 9, 0, 29, 30031, 26021, 13008, 9
71, 17, 10, 0, 29, 30031, 26021, 22, 23
72, 17, 10, 0, 29, 24018, 19020, 21022, 23
73, 17, 11, 0, 29, 30031, 32033, 34, 35
74, 17, 12, 0, 29, 30037, 43044, 45, 46
75, 17, 12, 0, 29, 30031, 32033, 38045, 46
76, 17, 13, 0, 29, 30037, 43044, 45, 47048
77, 17, 13, 0, 29, 30031, 32033, 38045, 47048
78, 17, 14, 0, 29, 30037, 43049, 50, 51
79, 17, 15, 0, 29, 30037, 43049, 50052, 53
80, 17, 16, 0, 29, 30037, 43049, 50052, 65066
81, 5, 17, 64, 56061, 12006, 18, 24, 29
82, 6, 17, 59060, 56057, 12006, 18, 24, 29
83, 7, 17, 58, 56057, 12006, 18, 24, 29
84, 8, 17, 54055, 7008, 12006, 18, 24, 29
85, 8, 17, 54055, 13008, 20021, 18019, 24, 29
86, 8, 17, 54055, 13008, 26021, 31, 30, 29
87, 9, 17, 9, 7008, 12006, 18, 24, 29
88, 9, 17, 9, 13008, 20021, 18019, 24, 29
89, 9, 17, 9, 13008, 26021, 31, 30, 29
90, 10, 17, 23, 22, 26021, 31, 30, 29
91, 10, 17, 23, 21022, 19020, 18, 24, 29
92, 11, 17, 35, 34, 32033, 31, 30, 29
93, 12, 17, 46, 45, 43044, 37, 30, 29
94, 12, 17, 46, 38045, 32033, 31, 30, 29
95, 13, 17, 47048, 45, 43044, 37, 30, 29
96, 13, 17, 47048, 38045, 32033, 31, 30, 29
97, 14, 17, 51, 49050, 43, 37, 30, 29
98, 15, 17, 53, 50052, 43049, 37, 30, 29
99, 16, 17, 65066, 50052, 43049, 37, 30, 29

[LOCOS]
1, 31, 183, 1
2, 31, 192, 1
3, 31, 217, 1
4, 31, 226, 1
5, 31, 401, 1
6, 31, 408, 1
7, 31, 411, 1
8, 31, 412, 1
9, 31, 414, 1
10, 31, 424, 1
11, 254, 001, 2
12, 254, 002, 2
13, 254, 003, 2
14, 254, 004, 2
15, 254, 005, 2
16, 254, 006, 2
17, 254, 007, 2
18, 254, 008, 2
19, 254, 009, 2
20, 254, 010, 2
21, 254, 011, 2
22, 254, 012, 2
23, 312, 001, 3
24, 312, 002, 3
25, 312, 003, 3
26, 312, 004, 3
27, 312, 005, 3
28, 312, 006, 3
29, 312, 007, 3
30, 312, 008, 3
31, 312, 009, 3
32, 312, 010, 3
33, 312, 011, 3
34, 312, 012, 3
35, 312, 013, 3
36, 312, 014, 3
37, 312, 015, 3
38, 312, 016, 3
39, 312, 017, 3
40, 312, 018, 3
41, 312, 019, 3
42, 312, 020, 3
43, 312, 021, 3
44, 312, 022, 3
45, 312, 023, 3
46, 312, 024, 3
47, 55, 001, 4
48, 55, 002, 4
49, 55, 002, 4
50, 55, 003, 4
51, 55, 004, 4
52, 55, 005, 4
53, 55, 006, 4
54, 55, 007, 4
55, 55, 008, 4
56, 55, 009, 4
57, 55, 010, 4
58, 55, 011, 4
59, 55, 012, 4
60, 55, 013, 4
61, 55, 014, 4
62, 55, 015, 4
63, 55, 016, 4
64, 55, 017, 4
65, 55, 018, 4
66, 55, 019, 4
67, 55, 020, 4
68, 55, 021, 4
69, 47, 401, 5
70, 47, 402, 5
71, 47, 403, 5
72, 47, 404, 5
73, 47, 405, 5
74, 47, 406, 5
75, 47, 407, 5
76, 40, 020, 6
77, 40, 060, 6
78, 40, 078, 6
79, 40, 086, 6
80, 40, 145, 6
81, 40, 157, 6
82, 45, 016, 6
83, 45, 038, 6
84, 45, 124, 6
85, 46, 027, 6
86, 46, 035, 6
87, 46, 041, 6
88, 46, 046, 6
89, 46, 055, 6
90, 47, 001, 6
91, 47, 018, 6
92, 47, 036, 6
93, 47, 108, 6
94, 47, 118, 6
95, 47, 120, 6
96, 47, 170, 6
97, 47, 209, 6
98, 47, 301, 6
99, 47, 401, 5
100, 47, 409, 5
101, 47, 411, 5
102, 47, 413, 5
103, 47, 415, 5
104, 47, 420, 5
105, 47, 430, 5
106, 47, 442, 5
107, 47, 460, 5
108, 47, 528, 5
109, 47, 541, 5
110, 47, 553, 5

[TIMETABLE]
1, Western Sleeper,ECS Ferme Park,    1,  620,  3,    0, 4, 1, 14, 1
2, Royston O-Subn,Royston O-Subn,     3,  650,  1,  655, 3, 3, 14, 10 
3, Night Scotsman,ECS Ferme Park,     1,  632,  3,    0, 5, 1, 12, 4 
4, Night Capitals,ECS Ferme Park,     1,  640,  3,    0, 4, 1, 12, 5 
5, I'ness Motorail,ECS Ferme Park,    1,  640,  3,    0, 5, 1, 12, 11  
6, Aberdeen sleeper,ECS Ferme Park,   1,  646,  1,    0, 4, 1, 0,  2
7, Stock 06:52 dep,06:52 Newcastle,   3,  647,  1,  652, 2, 2, 0,  0
8, Royston O-Subn,Royston O-Subn,     3,  700,  2,  705, 3, 3, 0, 0
9, Stock 06:55 dep,06:55 Bradford,    3,  649,  1,  655, 1, 4, 0, 0
10, The Aberdonian,ECS Ferme Park,     1,  651,  2,    0, 5, 1, 0, 1
11, Stock 07:10 dep,07:10 Edinburgh,   3,  702,  2,  710, 2, 2, 0, 0
12, Royston O-Subn,Royston O-Subn,     3,  710,  6,  715, 3, 3, 0, 0
13, LE Finsbury Park, ,                3,  712,  0,    0, 7, 7, 0, 0
14, Stock 07:25 dep,07:25 Hull,        3,  715,  2,  725, 1, 5, 0, 0
15, LE Finsbury Park, ,                3,  718,  0,    0, 8, 8, 0, 0
16, Royston O-Subn,Royston O-Subn,     3,  730,  2,  735, 3, 3, 0, 0
17, Stock 07:50 dep,07:50 Edinburgh,   3,  733,  2,  750, 1, 4, 0, 0
18, Royston S-Fast,Royston S-Fast,     3,  740,  2,  745, 3, 3, 0, 0
19, Stock 08:00 dep,08:00 Leeds,       3,  743,  2,  800, 1, 4, 0, 0
20, Aberdeen (RLF),07:55 Edinburgh,    1,  744,  2,  755, 6, 6, 0, 2
21, LE Finsbury Park, ,                3,  746,  0,    0, 9, 9, 0, 0
22, Scottish Parcels,ECS Ferme Park,   1,  752,  3,    0, 5, 1, 0, 1
23, Royston O-Subn,Royston O-Subn,     3,  800,  2,  805, 3, 3, 0, 0
24, Stock 08:15 dep,08:15 Skegness,    3,  803,  2,  815, 1, 5, 0, 0
25, LE Finsbury Park, ,                3,  806,  0,    0, 8, 8, 0, 0
26, 07:33dep ex Petb,ECS Ferme Park,   1,  807,  1,    0, 5, 1, 0, 1
27, Stock 08:25 dep,08:25 Edinburgh,   3,  810,  1,  825, 1, 5, 0, 0
28, Royston O-Subn,Royston O-Subn,     3,  820,  1,  825, 3, 3, 0, 0
29, 05:45dep ex Leeds,08:35 York,      1,  823,  1,  835, 4, 4, 0, 1
30, Stock 08:40 dep,08:40 Edinburgh,   3,  826,  1,  840, 2, 2, 0, 0
31, Royston S-Fast,Royston S-Fast,     3,  830,  1,  835, 3, 3, 0, 0
32, Royston O-Subn,Royston O-Subn,     3,  840,  1,  845, 3, 3, 0, 0
33, 06:50dep ex York,08:55 Newcastle,  1,  843,  1,  855, 5, 5, 0, 1
34, 06:50dep ex Hull,08:59 Edinburgh,  1,  846,  1,  859, 4, 4, 0, 1
35, 07:30dep ex Leed,09:03 Harrogate,  1,  849,  1,  903, 4, 4, 0, 1
36, Royston O-Subn,Royston O-Subn,     3,  850,  1,  855, 3, 3, 0, 0
37, Bradford (RLF),ECS Ferme Park,     1,  912,  1,    0, 6, 1, 0, 1
38, Royston S-Fast,Royston S-Fast,     3,  920,  1,  925, 3, 3, 0, 0
39, Stock 09:32 dep,09:32 Scarbrgh,    3,  923,  1,  932, 1, 5, 0, 0
40, Northern parcels,ECS Ferme Park,   1,  926,  1,    0, 5, 1, 0, 1
41, Royston O-Subn,Royston O-Subn,     3,  930,  1,  935, 3, 3, 0, 0
42, 07:07dep ex Clee,09:40 Cleethrpes, 1,  933,  1,  940, 5, 5, 0, 1
43, 07:32dep ex Newc,09:45 Newcastle,  1,  936,  1,  945, 2, 2, 0, 1
44, Royston O-Subn,Royston O-Subn,     3,  940,  1,  945, 3, 3, 0, 0
45, 06:15dep ex Newc,09:58 Bradford,   1,  945,  1,  958, 5, 5, 0, 1
46, Stock 10:02 dep,10:02 Aberdeen,    3,  950,  1, 1002, 1, 4, 0, 0
47, Royston S-Fast,Royston S-Fast,     3, 1000,  1, 1005, 3, 3, 0, 0
48, 08:04dep ex Brad,10:15 Edinburgh,  1, 1005,  1, 1015, 4, 4, 0, 1
49, Stock 10:20 dep,10:20 Hull,        3, 1006,  1, 1020, 1, 5, 0, 0
50, Newcastle (RLF),ECS Ferme Park,    1, 1009,  1,    0, 6, 1, 0, 2
51, Royston O-Subn,Royston O-Subn,     3, 1010,  1, 1015, 3, 3, 0, 0
52, Parcel vans(UB),ECS Ferme Park,    3, 1015,  1,    0, 5, 1, 0, 1
53, 08:48dep ex York,10:35 Leeds,      1, 1020,  1, 1035, 5, 6, 0, 1
54, Royston O-Subn,Royston O-Subn,     3, 1020,  1, 1025, 3, 3, 0, 0
55, 08:20dep ex Newc,ECS Ferme Park,   1, 1025,  1,    0, 5, 1, 0, 1
56, Royston S-Fast,Royston S-Fast,     3, 1030,  1, 1035, 3, 3, 0, 0
57, 09:04dep ex Harr,10:55 Harrogate,  1, 1040,  1, 1055, 5, 5, 0, 1
58, Royston O-Subn,Royston O-Subn,     3, 1050,  1, 1055, 3, 3, 0, 0
59, Stock 11:05 dep,11:05 Newcastle,   3, 1055,  1, 1105, 1, 4, 0, 0
60, LE Finsbury Park, ,                3, 1058,  0,    0, 9, 9, 0, 0
61, 07:05dep ex Edin,11:15 York,       1, 1105,  1, 1115, 4, 5, 0, 1
62, 09:20dep ex Hull,13:08 Hull,       1, 1110,  1, 1308, 5, 5, 0, 1
63, Royston O-Subn,Royston O-Subn,     3, 1120,  1, 1125, 3, 3, 0, 0
64, 08:10dep ex Edin,11:26 Edinburgh,  1, 1123,  1, 1126, 2, 2, 0, 1
65, Edinburgh (RLF),14:12 Edinburgh,   1, 1126,  1, 1135, 6, 6, 0, 1
66, Royston S-Fast,Royston S-Fast,     3, 1130,  1, 1135, 3, 3, 0, 0
67, 10:55dep ex Leeds,12:32 Leeds,     1, 1150,  1, 1232, 4, 4, 0, 1
68, Royston O-Subn,Royston O-Subn,     3, 1150,  1, 1155, 3, 3, 0, 0
69, Royston O-Subn,Royston O-Subn,     3, 1200,  1, 1205, 3, 3, 0, 0
70, 09:28dep ex Brid,ECS Ferme Park,   1, 1210,  1,    0, 5, 1, 0, 1
71, Royston S-Fast,Royston S-Fast,     3, 1220,  1, 1225, 3, 3, 0, 0
72, 09:10dep ex Edin,12:25 Edinburgh,  1, 1224, 20, 1225, 5, 5, 0, 1

[LOCOYARD]
1, 0
4, 0
5, 0
4, 40

[GENERAL]
StartTime= 0645
StopTime= 1155
StartText1= Summer Saturday in the early 1980's - 06:45hrs 
StartText2= Prepare to start your 7 hour shift as
StartText3= duty controller at King's Cross Station


KINGSX.RCD
==========
[SELECTOR]
1, 15, 190, 30, 30, 1, 0,UF
2, 15, 235, 30, 30, 2, 0,DF
3, 15, 280, 30, 30, 1, 0,US
4, 15, 325, 30, 30, 2, 0,DS
5, 805, 10, 30, 30, 3, 1,1
6, 805, 55, 30, 30, 3, 2,2
7, 805, 100, 30, 30, 3, 3,3
8, 805, 145, 30, 30, 3, 4,4
9, 805, 190, 30, 30, 3, 5,5
10, 805, 235, 30, 30, 3, 6,6
11, 805, 280, 30, 30, 3, 7,7
12, 805, 325, 30, 30, 3, 8,8
13, 805, 370, 30, 30, 4, 9,9
14, 805, 415, 30, 30, 4, 10,10
15, 805, 460, 30, 30, 3, 11,UB
16, 805, 505, 30, 30, 6, 0,LY
17, 130, 280, 30, 30, 5, 28,H

[SECTIONS]
1, 50, 200, 130, 200, 130, 210, 50, 210
2, 145, 200, 225, 200, 225, 210, 145, 210
3, 240, 200, 320, 200, 320, 210, 240, 210
4, 335, 200, 415, 200, 415, 210, 335, 210
5, 430, 200, 480, 200, 480, 210, 430, 210
6, 495, 200, 545, 200, 545, 210, 495, 210
7, 560, 200, 610, 200, 610, 210, 560, 210
8, 625, 200, 655, 200, 655, 210, 625, 210
9, 670, 200, 780, 200, 780, 210, 670, 210
10, 130, 215, 145, 215, 175, 240, 160, 240
11, 320, 215, 335, 215, 305, 240, 290, 240
12, 480, 215, 495, 215, 465, 240, 450, 240
13, 610, 215, 625, 215, 595, 240, 580, 240
14, 50, 245, 100, 245, 100, 255, 50, 255
15, 115, 245, 160, 245, 160, 255, 115, 255
16, 175, 245, 290, 245, 290, 255, 175, 255
17, 305, 245, 385, 245, 385, 255, 305, 255
18, 400, 245, 450, 245, 450, 255, 400, 255
19, 465, 245, 500, 245, 500, 255, 465, 255
20, 515, 245, 530, 245, 530, 255, 515, 255
21, 545, 245, 580, 245, 580, 255, 545, 255
22, 595, 245, 655, 245, 655, 255, 595, 255
23, 670, 245, 780, 245, 780, 255, 670, 255
24, 385, 260, 400, 260, 370, 285, 355, 285
25, 500, 260, 515, 260, 545, 285, 530, 285
26, 530, 260, 545, 260, 515, 285, 500, 285
27, 50, 290, 125, 290, 125, 300, 50, 300
28, 165, 290, 240, 290, 240, 300, 165, 300
29, 255, 290, 355, 290, 355, 300, 255, 300
30, 370, 290, 450, 290, 450, 300, 370, 300
31, 465, 290, 500, 290, 500, 300, 465, 300
32, 515, 290, 530, 290, 530, 300, 515, 300
33, 545, 290, 580, 290, 580, 300, 545, 300
34, 595, 290, 655, 290, 655, 300, 595, 300
35, 670, 290, 780, 290, 780, 300, 670, 300
36, 240, 305, 255, 305, 225, 330, 210, 330
37, 450, 305, 465, 305, 495, 330, 480, 330
38, 580, 305, 595, 305, 625, 330, 610, 330
39, 50, 335, 210, 335, 210, 345, 50, 345
40, 225, 335, 290, 335, 290, 345, 225, 345
41, 305, 335, 385, 335, 385, 345, 305, 345
42, 400, 335, 480, 335, 480, 345, 400, 345
43, 495, 335, 545, 335, 545, 345, 495, 345
44, 560, 335, 610, 335, 610, 345, 560, 345
45, 625, 335, 655, 335, 655, 345, 625, 345
46, 670, 335, 780, 335, 780, 345, 670, 345
47, 655, 350, 670, 350, 700, 375, 685, 375
48, 700, 380, 780, 380, 780, 390, 700, 390
49, 545, 350, 560, 350, 640, 420, 625, 420
50, 640, 425, 655, 425, 655, 435, 640, 435
51, 670, 425, 780, 425, 780, 435, 670, 435
52, 655, 440, 670, 440, 700, 465, 685, 465
53, 700, 470, 780, 470, 780, 480, 700, 480
54, 655, 195, 670, 195, 700, 170, 685, 170
55, 700, 155, 780, 155, 780, 165, 700, 165
56, 625, 125, 640, 125, 560, 195, 545, 195
57, 640, 110, 655, 110, 655, 120, 640, 120
58, 670, 110, 780, 110, 780, 120, 670, 120
59, 685, 80, 700, 80, 670, 105, 655, 105
60, 700, 65, 780, 65, 780, 75, 700, 75
61, 705, 35, 720, 35, 640, 105, 625, 105
62, 595, 35, 610, 35, 430, 195, 415, 195
63, 610, 20, 705, 20, 705, 30, 610, 30
64, 720, 20, 780, 20, 780, 30, 720, 30
65, 685, 485, 700, 485, 730, 510, 715, 510
66, 730, 515, 780, 515, 780, 525, 730, 525

[OVERLAPPING]
1, 25, 26

[PLATFORMS]
1, 790, 20, 800, 20, 800, 30, 790, 30
2, 790, 65, 800, 65, 800, 75, 790, 75
3, 790, 110, 800, 110, 800, 120, 790, 120
4, 790, 155, 800, 155, 800, 165, 790, 165
5, 790, 200, 800, 200, 800, 210, 790, 210
6, 790, 245, 800, 245, 800, 255, 790, 255
7, 790, 290, 800, 290, 800, 300, 790, 300
8, 790, 335, 800, 335, 800, 345, 790, 345
9, 790, 380, 800, 380, 800, 390, 790, 390
10, 790, 425, 800, 425, 800, 435, 790, 435
11, 790, 470, 800, 470, 800, 480, 790, 480

[ROUTES]
1, 1, 5, 1, 2003, 4, 62, 63, 64
2, 1, 5, 1, 2003, 4, 5006, 56061, 64
3, 1, 6, 1, 2003, 4, 5006, 56057, 59060
4, 1, 7, 1, 2003, 4, 5006, 56057, 58
5, 1, 8, 1, 2003, 4, 5006, 7008, 54055
6, 1, 9, 1, 2003, 4, 5006, 7008, 9
7, 1, 10, 1010, 16017, 18019, 20021, 22, 23
8, 1, 11, 1010, 16017, 18019, 25033, 34, 35
9, 1, 12, 1010, 16017, 18019, 25033, 38045, 46
10, 1, 13, 1010, 16017, 18019, 25033, 38045, 47048
11, 3, 5, 27, 28029, 24018, 12006, 56061, 64
12, 3, 6, 27, 28029, 24018, 12006, 56057, 59060
13, 3, 7, 27, 28029, 24018, 12006, 56057, 58
14, 3, 8, 27, 28029, 24018, 12006, 7008, 54055
15, 3, 8, 27028, 29024, 18019, 20021, 13008, 54055
16, 3, 8, 27, 28029, 30031, 26021, 13008, 54055
17, 3, 9, 27, 28029, 24018, 12006, 7008, 9
18, 3, 9, 27028, 29024, 18019, 20021, 13008, 9
19, 3, 9, 27, 28029, 30031, 26021, 13008, 9
20, 3, 10, 27, 28029, 30031, 26021, 22, 23
21, 3, 10, 27, 28029, 24018, 19020, 21022, 23
22, 3, 11, 27, 28029, 30031, 32033, 34, 35
23, 3, 12, 27, 28029, 30037, 43044, 45, 46
24, 3, 12, 27, 28029, 30031, 32033, 38045, 46
25, 3, 13, 27, 28029, 30037, 43044, 45, 47048
26, 3, 13, 27, 28029, 30031, 32033, 38045, 47048
27, 3, 14, 27, 28029, 30037, 43049, 50, 51
28, 3, 15, 27, 28029, 30037, 43049, 50052, 53
29, 3, 16, 27, 28029, 30037, 43049, 50052, 65066
30, 5, 2, 64, 63, 62, 4011, 16015, 14
31, 6, 2, 60059, 57056, 6012, 18017, 16015, 14
32, 6, 2, 60059, 57056, 6005, 4011, 16015, 14
33, 7, 2, 58, 57056, 6012, 18017, 16015, 14
34, 7, 2, 58, 57056, 6005, 4011, 16015, 14
35, 8, 2, 55054, 8013, 21020, 19018, 17016, 15014
36, 8, 2, 55054, 8007, 6012, 18017, 16015, 14
37, 8, 2, 55054, 8007, 6005, 4011, 16015, 14
38, 9, 2, 9008, 13021, 20019, 18017, 16015, 14
39, 9, 2, 9, 8007, 6012, 18017, 16015, 14
40, 9, 2, 9, 8007, 6005, 4011, 16015, 14
41, 10, 2, 23, 22021, 20019, 18017, 16015, 14
42, 11, 2, 35, 34033, 25019, 18017, 16015, 14
43, 12, 2, 46045, 38033, 25019, 18017, 16015, 14
44, 13, 2, 48047, 45038, 33025, 19018, 17016, 15014
45, 5, 4, 64, 61056, 6012, 18024, 29036, 39
46, 6, 4, 60059, 57056, 6012, 18024, 29036, 39
47, 7, 4, 58, 57056, 6012, 18024, 29036, 39
48, 8, 4, 55054, 8013, 21026, 31030, 29036, 39
49, 8, 4, 55054, 8013, 21020, 19018, 24029, 36039
50, 8, 4, 55054, 8007, 6012, 18024, 29036, 39
51, 9, 4, 9, 8013, 21026, 31030, 29036, 39
52, 9, 4, 9, 8013, 21020, 19018, 24029, 36039
53, 9, 4, 9, 8007, 6012, 18024, 29036, 39
54, 10, 4, 23, 22, 21026, 31030, 29036, 39
55, 10, 4, 23, 22021, 20019, 18024, 29036, 39
56, 11, 4, 35, 34, 33032, 31030, 29036, 39
57, 12, 4, 46, 45, 44043, 42, 41040, 39
58, 13, 4, 48047, 45, 44043, 42, 41040, 39
59, 14, 4, 51, 50049, 43, 42, 41040, 39
60, 15, 4, 53052, 50049, 43, 42, 41040, 39
61, 16, 4, 66065, 52050, 49043, 42, 41040, 39
62, 17, 5, 0, 29, 24018, 12006, 56061, 64
63, 17, 6, 0, 29, 24018, 12006, 56057, 59060
64, 17, 7, 0, 29, 24018, 12006, 56057, 58
65, 17, 8, 0, 29, 24018, 12006, 7008, 54055
66, 17, 8, 0, 29024, 18019, 20021, 13008, 54055
67, 17, 8, 0, 29, 30031, 26021, 13008, 54055
68, 17, 9, 0, 29, 24018, 12006, 7008, 9
69, 17, 9, 0, 29024, 18019, 20021, 13008, 9
70, 17, 9, 0, 29, 30031, 26021, 13008, 9
71, 17, 10, 0, 29, 30031, 26021, 22, 23
72, 17, 10, 0, 29, 24018, 19020, 21022, 23
73, 17, 11, 0, 29, 30031, 32033, 34, 35
74, 17, 12, 0, 29, 30037, 43044, 45, 46
75, 17, 12, 0, 29, 30031, 32033, 38045, 46
76, 17, 13, 0, 29, 30037, 43044, 45, 47048
77, 17, 13, 0, 29, 30031, 32033, 38045, 47048
78, 17, 14, 0, 29, 30037, 43049, 50, 51
79, 17, 15, 0, 29, 30037, 43049, 50052, 53
80, 17, 16, 0, 29, 30037, 43049, 50052, 65066
81, 5, 17, 64, 56061, 12006, 18, 24, 29
82, 6, 17, 59060, 56057, 12006, 18, 24, 29
83, 7, 17, 58, 56057, 12006, 18, 24, 29
84, 8, 17, 54055, 7008, 12006, 18, 24, 29
85, 8, 17, 54055, 13008, 20021, 18019, 24, 29
86, 8, 17, 54055, 13008, 26021, 31, 30, 29
87, 9, 17, 9, 7008, 12006, 18, 24, 29
88, 9, 17, 9, 13008, 20021, 18019, 24, 29
89, 9, 17, 9, 13008, 26021, 31, 30, 29
90, 10, 17, 23, 22, 26021, 31, 30, 29
91, 10, 17, 23, 21022, 19020, 18, 24, 29
92, 11, 17, 35, 34, 32033, 31, 30, 29
93, 12, 17, 46, 45, 43044, 37, 30, 29
94, 12, 17, 46, 38045, 32033, 31, 30, 29
95, 13, 17, 47048, 45, 43044, 37, 30, 29
96, 13, 17, 47048, 38045, 32033, 31, 30, 29
97, 14, 17, 51, 49050, 43, 37, 30, 29
98, 15, 17, 53, 50052, 43049, 37, 30, 29
99, 16, 17, 65066, 50052, 43049, 37, 30, 29

[LOCOS]
1, 31, 183, 1
2, 31, 192, 1
3, 31, 217, 1
4, 31, 226, 1
5, 31, 401, 1
6, 31, 408, 1
7, 31, 411, 1
8, 31, 412, 1
9, 31, 414, 1
10, 31, 424, 1
11, 254, 001, 2
12, 254, 002, 2
13, 254, 003, 2
14, 254, 004, 2
15, 254, 005, 2
16, 254, 006, 2
17, 254, 007, 2
18, 254, 008, 2
19, 254, 009, 2
20, 254, 010, 2
21, 254, 011, 2
22, 254, 012, 2
23, 312, 001, 3
24, 312, 002, 3
25, 312, 003, 3
26, 312, 004, 3
27, 312, 005, 3
28, 312, 006, 3
29, 312, 007, 3
30, 312, 008, 3
31, 312, 009, 3
32, 312, 010, 3
33, 312, 011, 3
34, 312, 012, 3
35, 312, 013, 3
36, 312, 014, 3
37, 312, 015, 3
38, 312, 016, 3
39, 312, 017, 3
40, 312, 018, 3
41, 312, 019, 3
42, 312, 020, 3
43, 312, 021, 3
44, 312, 022, 3
45, 312, 023, 3
46, 312, 024, 3
47, 55, 001, 4
48, 55, 002, 4
49, 55, 003, 4
50, 55, 004, 4
51, 55, 005, 4
52, 55, 006, 4
53, 55, 007, 4
54, 55, 008, 4
55, 55, 009, 4
56, 55, 010, 4
57, 55, 011, 4
58, 55, 012, 4
59, 55, 013, 4
60, 55, 014, 4
61, 55, 015, 4
62, 55, 016, 4
63, 55, 017, 4
64, 55, 018, 4
65, 55, 019, 4
66, 55, 020, 4
67, 55, 021, 4
68, 47, 401, 5
69, 47, 403, 5
70, 47, 421, 5
71, 47, 435, 5
72, 47, 517, 5
73, 47, 528, 5
74, 47, 541, 5
75, 47, 553, 5
76, 40, 020, 5
77, 40, 060, 5
78, 40, 078, 5
79, 40, 086, 5
80, 40, 145, 5
81, 40, 157, 5
82, 45, 016, 5
83, 45, 038, 5
84, 45, 124, 5
85, 46, 027, 5
86, 46, 035, 5
87, 46, 041, 5
88, 46, 046, 5
89, 46, 055, 5
90, 47, 036, 5
91, 47, 170, 6
92, 47, 219, 6
93, 47, 272, 6
94, 47, 465, 6
95, 47, 471, 6
96, 47, 493, 6
97, 47, 502, 6
98, 47, 503, 6

[TIMETABLE]
1, Western Sleeper,ECS Ferme Park,    1,  620, 20,    0, 4, 1, 14, 1,  0
2, Royston O-Subn,Royston O-Subn,     3,  636,  6,  648, 3, 3, 14, 10, 0 
3, Night Scotsman,ECS Ferme Park,     1,  632, 52,    0, 5, 1, 12, 4,  0 
4, Night Capitals,ECS Ferme Park,     1,  640, 45,    0, 4, 1, 12, 5,  0 
5, I'ness Motorail,ECS Ferme Park,    1,  640,180,    0, 5, 1, 12, 11, 0  
6, Aberdeen sleeper,ECS Ferme Park,   1,  657, 48,    0, 4, 1, 0,  1,  0
7, Stock 07:40 dep,07:40 Newcastle,   3,  700, 20,  740, 2, 2, 0,  0,  0
8, Royston O-Subn,Royston O-Subn,     3,  706,  6,  718, 3, 3, 0, 0,   0
9, Stock 07:45 dep,07:45 Bradford,    3,  710,  2,  745, 1, 4, 0, 0,   0
10, The Aberdonian,ECS Ferme Park,     1,  720, 40,    0, 5, 1, 0, 1,  0
11, Stock 08:00 dep,08:00 Edinburgh,   3,  720, 20,  800, 2, 2, 0, 0,  0
12, Royston O-Subn,Royston O-Subn,     3,  736,  6,  748, 3, 3, 0, 0,  0
13, LE Finsbury Park, ,                3,  740,  0,    0, 7, 7, 0, 0,  0
14, Stock 08:04 dep,08:04 Hull,        3,  744,  2,  804, 1, 5, 0, 0,  0
15, LE Finsbury Park, ,                3,  747,  0,    0, 8, 8, 0, 0,  0
16, Royston O-Subn,Royston O-Subn,     3,  806,  6,  818, 3, 3, 0, 0,  0
17, Stock 09:00 dep,09:00 Edinburgh,   3,  810,  2,  900, 1, 4, 0, 0,  0
18, Royston S-Fast,Royston S-Fast,     3,  820, 15,  908, 3, 3, 0, 0,  0
19, Stock 09:04 dep,09:04 Leeds,       3,  825,  2,  904, 1, 4, 0, 0,  0
20, Aberdeen (RLF),10:12 Edinburgh,    1,  830, 40, 1012, 6, 6, 0, 2,  0
21, LE Finsbury Park, ,                3,  828,  0,    0, 9, 9, 0, 0,  0
22, Scottish Parcels,ECS Ferme Park,   1,  835, 90,    0, 5, 1, 0, 1,  0
23, Royston O-Subn,Royston O-Subn,     3,  836,  6,  848, 3, 3, 0, 0,  0
24, Stock 09:12 dep,09:12 Skegness,    3,  840,  2,  912, 1, 5, 0, 0,  0
25, LE Finsbury Park, ,                3,  843,  0,    0, 8, 8, 0, 0,  0
26, 07:33dep ex Petb,ECS Ferme Park,   1,  854, 20,    0, 5, 1, 0, 1,  0
27, Stock 09:30 dep,09:30 Edinburgh,   3,  900,  2,  930, 1, 5, 0, 0,  0
28, Royston O-Subn,Royston O-Subn,     3,  906,  6,  918, 3, 3, 0, 0,  0
29, 05:45dep ex Leeds,10:04 York,      1,  907, 20, 1004, 4, 4, 0, 1,  0
30, Stock 10:00 dep,10:00 Edinburgh,   3,  910, 20, 1000, 2, 2, 0, 0,  0
31, Royston S-Fast,Royston S-Fast,     3,  920, 15, 1008, 3, 3, 0, 0,  0
32, Royston O-Subn,Royston O-Subn,     3,  936,  6,  948, 3, 3, 0, 0,  0
33, 06:50dep ex York,10:50 Newcastle,  1,  947, 20, 1050, 5, 5, 0, 1,  0
34, 06:50dep ex Hull,10:55 Edinburgh,  1,  954, 20, 1055, 4, 4, 0, 1,  0
35, 07:30dep ex Leed,10:45 Harrogate,  1, 1002, 20, 1045, 4, 4, 0, 1,  0
36, Stock 11:55 dep,11:55 Aberdeen,    3, 1115,  2, 1155, 1, 4, 0, 0,  0
37, Royston S-Fast,Royston S-Fast,     3, 1120, 15, 1208, 3, 3, 0, 0,  0
38, 08:04dep ex Brad,13:00 Edinburgh,  1, 1124, 20, 1300, 4, 4, 0, 1,  0
39, Stock 12:04 dep,12:04 Hull,        3, 1128,  2, 1204, 1, 5, 0, 0,  0
40, Northern parcels,ECS Ferme Park,   1, 1032, 63,    0, 5, 1, 0, 1,  0
41, Royston O-Subn,Royston O-Subn,     3, 1036,  6, 1048, 3, 3, 0, 0,  0
42, 07:07dep ex Clee,13:04 Cleethrpes, 1, 1038, 20, 1304, 5, 5, 0, 1,  0
43, 07:32dep ex Newc,11:35 Newcastle,  1, 1048, 20, 1135, 2, 2, 0, 1,  0
44, Royston O-Subn,Royston O-Subn,     3, 1106,  6, 1118, 3, 3, 0, 0,  0
45, 06:15dep ex Newc,12:45 Bradford,   1, 1114, 20, 1245, 5, 5, 0, 1,  0
46, Royston O-Subn,Royston O-Subn,     3, 1006,  6, 1018, 3, 3, 0, 0,  0
47, Bradford (RLF),ECS Ferme Park,     1, 1012, 20,    0, 6, 1, 0, 1,  0
48, Royston S-Fast,Royston S-Fast,     3, 1020, 15, 1108, 3, 3, 0, 0,  0
49, Stock 11:12 dep,11:12 Scarbrgh,    3, 1025,  2, 1112, 1, 5, 0, 0,  0
50, Newcastle (RLF),ECS Ferme Park,    1, 1129, 20,    0, 6, 1, 0, 2,  0
51, Royston O-Subn,Royston O-Subn,     3, 1136,  6, 1148, 3, 3, 0, 0,  0
52, Parcel vans(UB),ECS Ferme Park,    3, 1142,120,    0, 5, 1, 0, 1,  0
53, 08:48dep ex York,12:35 Leeds,      1, 1140, 20, 1235, 5, 6, 0, 1,  0
54, Royston O-Subn,Royston O-Subn,     3, 1206,  6, 1218, 3, 3, 0, 0,  0
55, 08:20dep ex Newc,ECS Ferme Park,   1, 1211, 20,    0, 5, 1, 0, 1,  0
56, Royston S-Fast,Royston S-Fast,     3, 1220, 15, 1308, 3, 3, 0, 0,  0
57, 09:04dep ex Harr,14:45 Harrogate,  1, 1232, 20, 1445, 5, 5, 0, 1,  0
58, Royston O-Subn,Royston O-Subn,     3, 1236,  6, 1248, 3, 3, 0, 0,  0
59, Stock 13:25 dep,13:25 Newcastle,   3, 1240,  2, 1325, 1, 4, 0, 0,  0
60, LE Finsbury Park, ,                3, 1243,  0,    0, 9, 9, 0, 0,  0
61, 07:05dep ex Edin,14:04 York,       1, 1248, 20, 1404, 4, 5, 0, 1,  0
62, 09:20dep ex Hull,16:08 Hull,       1, 1303, 20, 1608, 5, 5, 0, 1,  0
63, Royston O-Subn,Royston O-Subn,     3, 1306,  6, 1318, 3, 3, 0, 0,  0
64, 08:10dep ex Edin,14:00 Edinburgh,  1, 1309, 20, 1400, 2, 2, 0, 1,  0
65, Edinburgh (RLF),14:12 Edinburgh,   1, 1315, 20, 1412, 6, 6, 0, 1,  0
66, Royston S-Fast,Royston S-Fast,     3, 1320, 15, 1408, 3, 3, 0, 0,  0
67, 10:55dep ex Leeds,15:45 Leeds,     1, 1324, 20, 1545, 4, 4, 0, 1,  0
68, Royston O-Subn,Royston O-Subn,     3, 1336,  6, 1348, 3, 3, 0, 0,  0
69, Royston O-Subn,Royston O-Subn,     3, 1406,  6, 1418, 3, 3, 0, 0,  0
70, 09:28dep ex Brid,ECS Ferme Park,   1, 1410, 20,    0, 5, 1, 0, 1,  0
71, Royston S-Fast,Royston S-Fast,     3, 1420, 15, 1508, 3, 3, 0, 0,  0
72, 09:10dep ex Edin,16:04 Edinburgh,  1, 1422, 20, 1604, 5, 5, 0, 1,  0

[LOCOYARD]
1, 0
4, 0
5, 0
4, 40

[GENERAL]
StartTime= 0645
StopTime= 1345
StartText1= Summer Saturday in the early 1980's - 06:45hrs 
StartText2= Prepare to start your 7 hour shift as
StartText3= duty controller at King's Cross Station


QUEENST.RCD
===========
[SELECTOR]
1, 15, 110, 30, 30, 3, 1,2
2, 15, 155, 30, 30, 3, 2,3
3, 15, 200, 30, 30, 3, 3,4
4, 15, 245, 30, 30, 3, 4,5
5, 15, 290, 30, 30, 3, 5,6
6, 15, 335, 30, 30, 3, 6,7
7, 805, 200, 30, 30, 2, 0,UF
8, 805, 245, 30, 30, 1, 0,DF
9, 805, 290, 30, 30, 6, 0,LY

[SECTIONS]
1, 75, 120, 155, 120, 155, 130, 75, 130
2, 170, 120, 250, 120, 250, 130, 170, 130
3, 265, 120, 295, 120, 295, 130, 265, 130
4, 295, 135, 310, 135, 390, 205, 375, 205
5, 75, 165, 155, 165, 155, 175, 75, 175
6, 170, 165, 250, 165, 250, 175, 170, 175
7, 250, 180, 265, 180, 295, 205, 280, 205
8, 75, 210, 155, 210, 155, 220, 75, 220
9, 155, 225, 170, 225, 200, 250, 185, 250
10, 170, 210, 280, 210, 280, 220, 170, 220
11, 295, 210, 375, 210, 375, 220, 295, 220
12, 390, 210, 470, 210, 470, 220, 390, 220
13, 485, 210, 505, 210, 505, 220, 485, 220
14, 520, 210, 600, 210, 600, 220, 520, 220
15, 615, 210, 695, 210, 695, 220, 615, 220
16, 710, 210, 790, 210, 790, 220, 710, 220
17, 75, 255, 185, 255, 185, 265, 75, 265
18, 200, 255, 280, 255, 280, 265, 200, 265
19, 295, 255, 375, 255, 375, 265, 295, 265
20, 390, 255, 440, 255, 440, 265, 390, 265
21, 470, 225, 485, 225, 455, 250, 440, 250
22, 455, 255, 535, 255, 535, 265, 455, 265
23, 505, 225, 520, 225, 550, 250, 535, 250
24, 550, 255, 600, 255, 600, 265, 550, 265
25, 615, 255, 695, 255, 695, 265, 615, 265
26, 710, 255, 790, 255, 790, 265, 710, 265
27, 600, 270, 615, 270, 645, 295, 630, 295
28, 645, 300, 695, 300, 695, 310, 645, 310
29, 710, 300, 790, 300, 790, 310, 710, 310
30, 75, 300, 155, 300, 155, 310, 75, 310
31, 170, 300, 250, 300, 250, 310, 170, 310
32, 280, 270, 295, 270, 265, 295, 250, 295
33, 75, 345, 155, 345, 155, 355, 75, 355
34, 170, 345, 250, 345, 250, 355, 170, 355
35, 265, 345, 295, 345, 295, 355, 265, 355
36, 375, 270, 390, 270, 310, 340, 295, 340

[OVERLAPPING]

[PLATFORMS]
1, 50, 120, 60, 120, 60, 130, 50, 130
2, 50, 165, 60, 165, 60, 175, 50, 175
3, 50, 210, 60, 210, 60, 220, 50, 220
4, 50, 255, 60, 255, 60, 265, 50, 265
5, 50, 300, 60, 300, 60, 310, 50, 310
6, 50, 345, 60, 345, 60, 355, 50, 355

[ROUTES]
1, 1, 7, 1, 2, 3004, 12, 13014, 15016
2, 2, 7, 5, 6007, 11, 12, 13014, 15016
3, 3, 7, 8, 10, 11, 12, 13014, 15016
4, 3, 7, 8009, 18, 19, 20021, 13014, 15016
5, 4, 7, 17, 18, 19, 20021, 13014, 15016
6, 5, 7, 30, 31032, 19, 20021, 13014, 15016
7, 6, 7, 33, 34, 35036, 20021, 13014, 15016
8, 1, 9, 1002, 3004, 12, 13023, 24027, 28029
9, 2, 9, 5, 6007, 11012, 13023, 24027, 28029
10, 3, 9, 8, 10, 11012, 13023, 24027, 28029
11, 3, 9, 8009, 18, 19020, 22, 24027, 28029
12, 4, 9, 17, 18, 19020, 22, 24027, 28029
13, 5, 9, 30, 31032, 19020, 22, 24027, 28029
14, 6, 9, 33034, 35036, 20, 22, 24027, 28029
15, 8, 1, 26025, 24023, 13012, 4003, 2, 1
16, 8, 2, 26025, 24023, 13012, 11, 7006, 5
17, 8, 3, 26025, 24023, 13012, 11, 10, 8
18, 8, 3, 26025, 24, 22020, 19, 18, 9008
19, 8, 4, 26025, 24, 22020, 19, 18, 17
20, 8, 5, 26025, 24, 22020, 19, 32031, 30
21, 8, 6, 26025, 24, 22020, 36035, 34, 33
22, 9, 1, 29028, 27024, 23013, 12, 4003, 2001
23, 9, 2, 29028, 27024, 23013, 12011, 7006, 5
24, 9, 3, 29028, 27024, 23013, 12011, 10, 8
25, 9, 3, 29028, 27024, 22, 20019, 18, 9008
26, 9, 4, 29028, 27024, 22, 20019, 18, 17
27, 9, 5, 29028, 27024, 22, 20019, 32031, 30
28, 9, 6, 29028, 27024, 22, 20, 36035, 34033

[LOCOS]
1, 26, 028, 1
2, 26, 029, 1
3, 26, 046, 1
4, 27, 001, 1
5, 27, 005, 1
6, 27, 025, 1
7, 27, 046, 1
8, 254, 001, 2
9, 254, 002, 2
10, 254, 003, 2
11, 254, 004, 2
12, 254, 005, 2
13, 254, 006, 2
14, 254, 007, 2
15, 254, 008, 2
16, 254, 009, 2
17, 254, 010, 2
18, 254, 011, 2
19, 254, 012, 2
20, 254, 013, 2
21, 254, 014, 2
22, 254, 015, 2
23, 254, 016, 2
24, 254, 017, 2
25, 254, 018, 3
26, 254, 019, 3
27, 254, 020, 3
28, 47, 701, 10
29, 47, 702, 10
30, 47, 703, 10
31, 47, 704, 10
32, 47, 705, 10
33, 47, 706, 10
34, 47, 707, 10
35, 47, 708, 10
36, 47, 709, 10
37, 47, 710, 10
38, 47, 711, 10
39, 47, 712, 10
40, 47, 713, 10
41, 47, 714, 10
42, 47, 715, 10
43, 47, 716, 10
44, 101, 306, 11
45, 101, 310, 11
46, 101, 324, 11
47, 101, 364, 11
48, 101, 328, 11
49, 101, 330, 11
50, 101, 347, 11
51, 101, 357, 11
52, 101, 358, 11
53, 108, 380, 11
54, 108, 381, 11
55, 108, 383, 11
56, 101, 390, 11
57, 101, 393, 11
58, 101, 394, 11
59, 107, 425, 11
60, 107, 428, 11
61, 107, 431, 11
62, 107, 432, 11
63, 107, 434, 11
64, 104, 456, 11
65, 104, 457, 11
66, 107, 427, 11
67, 107, 429, 11
68, 47, 430, 5
69, 47, 486, 5
70, 47, 517, 5
71, 47, 525, 5
72, 47, 541, 5
73, 47, 543, 5
74, 47, 550, 5
75, 47, 562, 5
76, 47, 570, 5
77, 47, 577, 5
78, 47, 593, 5
79, 47, 595, 5
80, 47, 604, 5
81, 47, 605, 5
82, 47, 635, 5
83, 47, 636, 5
84, 47, 643, 5
85, 37, 401, 12
86, 37, 402, 12
87, 37, 403, 12
88, 37, 404, 12
89, 37, 405, 12
90, 37, 406, 12
91, 37, 407, 12
92, 37, 408, 12
93, 37, 409, 12
94, 37, 410, 12
95, 37, 411, 12
96, 37, 412, 12
97, 37, 413, 12
98, 37, 422, 12
99, 37, 423, 12
100, 37, 424, 12
101, 37, 425, 12



[TIMETABLE]
1, ECS Cowlairs,06:55 Edinburgh,    8,  620,  7,  655, 10, 10, 14, 6, 15
2, ECS Cowlairs,07:07 Edin local,   8,  640, 15,  707, 11, 11, 14, 2, 0
3, Stock 07:25 dep,07:25 Aberdeen,  8,  655,  5,  725, 10, 10,  0, 0, 45
4, 06:10 ex Edin,07:30 Edinburgh,   8,  714, 10,  730, 2,   2,  0, 1, 0
5, Stock 07:37 dep,07:37 Dunblane,  8,  720,  7,  737, 11, 11,  0, 0, 21
6, Stock 08:20 dep,08:20 Oban,      8,  728,  5,  820,  1, 12,  0, 0, 0
7, 06:43 ex Dunbl,08:07 Falkirk,    8,  740, 15,  807, 11, 11,  0, 1, 24
8, 07:00 ex Edin,08:00 Edinburgh,   8,  748,  7,  800, 10, 10,  0, 1, 22
9, 07:41 ex Croy,ECS Cowlairs,      8,  805, 15,    0, 11,  1,  0, 1, 0
10, 07:22 ex Dunbl,08:37 Dunblane,   8,  815, 15,  837, 11, 11,  0, 1, 26
11, 07:30 ex Edin,08:30 Edinburgh,   8,  818,  7,  830, 10, 10,  0, 1, 25
12, 07:56 ex Falkirk,09:07 Falkirk,  8,  836, 15,  907, 11, 11,  0, 1, 29
13, 05:25 ex Abdn,09:25 Aberdeen,    8,  839, 15,  925, 10, 10,  0, 1, 0
14, 07:36 ex Edin,10:07 Falkirk,     8,  844, 15, 1007, 11, 11,  0, 1, 34
15, 08:00 ex Edin,09:00 Edinburgh,   8,  848,  7,  900, 10, 10,  0, 1, 27
16, Stock 09:33 dep,09:33 Inverness, 8,  900,  3,  933,  1,  5,  0, 0, 0
17, Stock 09:50 dep,09:50 Ft Wm,     8,  905,  3,  950,  1, 12,  0, 0, 0
18, 08:15 ex Dunbl,09:37 Dunblane,   8,  910, 15,  937, 11, 11,  0, 1, 31
19, 08:30 ex Edin,09:30 Edinburgh,   8,  918,  7,  930, 10, 10,  0, 1, 30
20, Light engine,Light engine,       8,  925,  0,    0, 14, 14,  0, 1, 0
21, 08:43 ex Dunbl,10:37 Dunblane,   8,  940, 15, 1037, 11, 11,  0, 1, 38
22, 09:00 ex Edin,10:00 Edinburgh,   8,  948,  7, 1000, 10, 10,  0, 1, 32
23, 07:00 ex Abdn,11:25 Aberdeen,    8,  953, 15, 1125, 10, 10,  0, 1, 0
24, 09:31 ex Falkirk,11:07 Falkirk,  8, 1010, 15, 1107, 11, 11,  0, 1, 41
25, 09:30 ex Edin,10:30 Edinburgh,   8, 1018,  7, 1030, 10, 10,  0, 1, 35
26, 09:43 ex Dunbl,11:37 Dunblane,   8, 1040, 15, 1137, 11, 11,  0, 1, 43
27, 10:00 ex Edin,11:00 Edinburgh,   8, 1048,  7, 1100, 10, 10,  0, 1, 39
28, 08:00 ex Oban,12:20 Oban,        8, 1100, 15, 1220, 12, 12,  0, 1, 0
29, 10:31 ex Falkirk,12:07 Falkirk,  8, 1110, 15, 1207, 11, 11,  0, 1, 46
30, 10:30 ex Edin,11:30 Edinburgh,   8, 1118,  7, 1130, 10, 10,  0, 1, 42
31, 10:43 ex Dunbl,12:37 Dunblane,   8, 1140, 15, 1237, 11, 11,  0, 1, 0
32, 11:00 ex Edin,12:00 Edinburgh,   8, 1148,  7, 1200, 10, 10,  0, 1, 44
33, 09:05 ex Abdn,13:25 Aberdeen,    8, 1153, 15, 1325, 10, 10,  0, 1, 0
34, 11:31 ex Falkirk,13:07 Falkirk,  8, 1210, 15, 1307, 11, 11,  0, 1, 0
35, 11:30 ex Edin,12:30 Edinburgh,   8, 1218,  7, 1230, 10, 10,  0, 1, 47
36, 08:40 ex Invn,ECS Cowlairs,      8, 1222, 15,    0,  5,  1,  0, 1, 0
37, 08:30 ex Ft Wm,ECS Cowlairs,     8, 1225, 15,    0, 12,  1,  0, 1, 0
38, 11:43 ex Dunbl,13:37 Dunblane,   8, 1240, 15, 1337, 11, 11,  0, 1, 0
39, 12:00 ex Edin,13:00 Edinburgh,   8, 1248,  7, 1300, 10, 10,  0, 1, 49
40, Stock 13:33 dep,13:33 Inverness, 8, 1300,  3, 1333,  1,  5,  0, 0, 0
41, 12:31 ex Falkirk,14:07 Falkirk,  8, 1310, 15, 1407, 11, 11,  0, 1, 0
42, 12:30 ex Edin,13:30 Edinburgh,   8, 1318,  7, 1330, 10, 10,  0, 1, 0
43, 12:43 ex Dunbl,14:37 Dunblane,   8, 1340, 15, 1437, 11, 11,  0, 1, 0
44, 13:00 ex Edin,14:00 Edinburgh,   8, 1348,  7, 1400, 10, 10,  0, 1, 0
45, 11:05 ex Abdn,15:25 Aberdeen,    8, 1353, 15, 1525, 10, 10,  0, 1, 0
46, 13:31 ex Falkirk,15:07 Falkirk,  8, 1410, 15, 1507, 11, 11,  0, 1, 0
47, 13:30 ex Edin,14:30 Edinburgh,   8, 1418,  7, 1430, 10, 10,  0, 1, 0
48, 10:55 ex Invn,ECS Cowlairs,      8, 1443, 15,    0,  5,  1,  0, 1, 0
49, 14:00 ex Edin,15:00 Edinburgh,   8, 1448,  7, 1500, 10, 10,  0, 1, 0

[LOCOYARD]
1, 0
5, 0
12, 0
12, 40
5, 40

[GENERAL]
StartTime= 0645
StopTime= 1345
StartText1= Summer Saturday in 1988 - 06:45hrs 
StartText2= Prepare to start your 7 hour shift as
StartText3= duty controller at Glasgow Queen Street Station



WAVERLY.RCD
===========
[SELECTOR]
1, 15, 130, 30, 30, 1, 0,UN
2, 15, 170, 30, 30, 2, 0,DN
3, 15, 210, 30, 30, 1, 0,US
4, 15, 250, 30, 30, 2, 0,DS
5, 805, 10, 30, 30, 2, 0,NL
6, 805, 50, 30, 30, 4, 1,19
7, 805, 90, 30, 30, 3, 2,18
8, 805, 130, 30, 30, 3, 3,17
9, 805, 170, 30, 30, 3, 4,16
10, 805, 210, 30, 30, 3, 5,15
11, 805, 250, 30, 30, 3, 6,14
12, 805, 290, 30, 30, 3, 7,13
13, 805, 330, 30, 30, 3, 8,12
14, 805, 370, 30, 30, 4, 9,11
15, 805, 430, 30, 30, 1, 0,SL
16, 805, 470, 30, 30, 4, 10,20
17, 805, 510, 30, 30, 4, 11,21
18, 140, 210, 30, 30, 5, 14,H

[SECTIONS]
1, 50, 140, 150, 140, 150, 150, 50, 150
2, 50, 180, 175, 180, 175, 190, 50, 190
3, 50, 220, 135, 220, 135, 230, 50, 230
4, 50, 260, 150, 260, 150, 270, 50, 270
5, 690, 480, 780, 480, 780, 490, 690, 490
6, 150, 155, 160, 155, 185, 175, 175, 175
7, 680, 495, 690, 495, 715, 515, 705, 515
8, 655, 455, 665, 455, 690, 475, 680, 475
9, 175, 235, 185, 235, 160, 255, 150, 255
10, 730, 440, 800, 440, 800, 450, 730, 450
11, 160, 140, 250, 140, 250, 150, 160, 150
12, 185, 180, 215, 180, 215, 190, 185, 190
13, 215, 195, 225, 195, 250, 215, 240, 215
14, 175, 220, 240, 220, 240, 230, 175, 230
15, 160, 260, 305, 260, 305, 270, 160, 270
16, 260, 140, 375, 140, 375, 150, 260, 150
17, 225, 180, 305, 180, 305, 190, 225, 190
18, 250, 220, 280, 220, 280, 230, 250, 230
19, 305, 195, 315, 195, 290, 215, 280, 215
20, 290, 220, 430, 220, 430, 230, 290, 230
21, 280, 235, 290, 235, 315, 255, 305, 255
22, 450, 275, 460, 275, 665, 435, 655, 435
23, 315, 180, 350, 180, 350, 190, 315, 190
24, 375, 155, 385, 155, 360, 175, 350, 175
25, 385, 140, 540, 140, 540, 150, 385, 150
26, 360, 180, 450, 180, 450, 190, 360, 190
27, 460, 260, 550, 260, 550, 270, 460, 270
28, 315, 260, 450, 260, 450, 270, 315, 270
29, 670, 260, 720, 260, 720, 270, 670, 270
30, 460, 180, 545, 180, 545, 190, 460, 190
31, 440, 220, 560, 220, 560, 230, 440, 230
32, 665, 440, 720, 440, 720, 450, 665, 450
33, 565, 115, 575, 115, 550, 135, 540, 135
34, 575, 100, 620, 100, 620, 110, 575, 110
35, 590,  75, 600,  75, 575,  95, 565,  95
36, 600,  60, 710,  60, 710,  70, 600,  70
37, 615,  35, 625,  35, 600,  55, 590,  55
38, 625,  20, 800,  20, 800,  30, 625,  30
39, 715, 520, 780, 520, 780, 530, 715, 530
40, 620, 115, 630, 115, 555, 175, 545, 175
41, 560, 235, 570, 235, 645, 295, 635, 295
42, 635, 315, 645, 315, 720, 375, 710, 375
43, 550, 275, 560, 275, 635, 335, 625, 335
44, 560, 260, 660, 260, 660, 270, 560, 270
45, 720,  60, 780,  60, 780,  70, 720,  70
46, 630, 100, 700, 100, 700, 110, 630, 110
47, 550, 140, 670, 140, 670, 150, 550, 150
48, 710, 100, 780, 100, 780, 110, 710, 110
49, 680, 140, 720, 140, 720, 150, 680, 150
50, 730, 140, 780, 140, 780, 150, 730, 150
51, 720, 155, 730, 155, 705, 175, 695, 175
52, 555, 180, 600, 180, 600, 190, 555, 190
53, 610, 180, 695, 180, 695, 190, 610, 190
54, 705, 180, 780, 180, 780, 190, 705, 190
55, 705, 220, 780, 220, 780, 230, 705, 230
56, 695, 235, 705, 235, 730, 255, 720, 255
57, 570, 220, 620, 220, 620, 230, 570, 230
58, 730, 260, 780, 260, 780, 270, 730, 270
59, 630, 220, 695, 220, 695, 230, 630, 230
60, 720, 380, 780, 380, 780, 390, 720, 390
61, 625, 355, 635, 355, 660, 375, 650, 375
62, 660, 380, 710, 380, 710, 390, 660, 390
63, 635, 340, 730, 340, 730, 350, 635, 350
64, 740, 340, 780, 340, 780, 350, 740, 350
65, 705, 315, 715, 315, 740, 335, 730, 335
66, 715, 300, 780, 300, 780, 310, 715, 310
67, 645, 300, 705, 300, 705, 310, 645, 310

[OVERLAPPING]
1, 40, 47
2, 41, 44
3, 42, 63

[PLATFORMS]
1, 790, 60,  800, 60,  800, 70,  790, 70
2, 790, 100, 800, 100, 800, 110, 790, 110
3, 790, 140, 800, 140, 800, 150, 790, 150
4, 790, 180, 800, 180, 800, 190, 790, 190
5, 790, 220, 800, 220, 800, 230, 790, 230
6, 790, 260, 800, 260, 800, 270, 790, 270
7, 790, 300, 800, 300, 800, 310, 790, 310
8, 790, 340, 800, 340, 800, 350, 790, 350
9, 790, 380, 800, 380, 800, 390, 790, 390
10, 790, 480, 800, 480, 800, 490, 790, 490
11, 790, 520, 800, 520, 800, 530, 790, 530


[ROUTES]
1,   1, 5,    1011, 16,    25,    33035, 37,    38
2,   1, 6,    1011, 16,    25,    33035, 36,    45
3,   1, 7,    1011, 16,    25,    33034, 46,    48
4,   1, 7,    1006, 12017, 23026, 30040, 46,    48
5,   1, 8,    1011, 16,    25,    47,    49,    50
6,   1, 8,    1006, 12017, 23026, 30052, 53051, 50
7,   1, 9,    1006, 12017, 23026, 30052, 53,    54
8,   1, 10,   1006, 12013, 18020, 31,    57059, 55
9,   1, 11,   1006, 12013, 18020, 31,    57059, 56058
10,  1, 11,   1006, 12013, 18021, 28027, 44,    29058
11,  1, 12,   1006, 12013, 18020, 31,    41067, 66
12,  1, 13,   1006, 12013, 18020, 31,    41067, 65064
13,  1, 13,   1006, 12013, 18021, 28027, 43063, 64
14,  1, 14,   1006, 12013, 18020, 31,    41042, 60
15,  1, 14,   1006, 12013, 18021, 28027, 43061, 62060
16,  1, 16,   1006, 12013, 18021, 28,    22,    8005
17,  1, 17,   1006, 12013, 18021, 28,    22008, 7039
18,  3, 5,    3014, 18019, 23024, 25033, 35037, 38
19,  3, 6,    3014, 18019, 23024, 25033, 35036, 45
20,  3, 7,    3014, 18019, 23024, 25033, 34046, 48
21,  3, 7,    3014, 18019, 23026, 30,    40046, 48
22,  3, 8,    3014, 18019, 23024, 25,    47049, 50
23,  3, 8,    3014, 18019, 23026, 30052, 53051, 50
24,  3, 9,    3014, 18019, 23026, 30052, 53,    54
25,  3, 10,   3014, 18,    20,    31,    57059, 55
26,  3, 11,   3014, 18,    20,    31,    57059, 56058
27,  3, 11,   3014, 18021, 28,    27,    44029, 58
28,  3, 12,   3014, 18,    20,    31,    41067, 66
29,  3, 13,   3014, 18,    20,    31,    41067, 65064
30,  3, 13,   3014, 18021, 28,    27,    43063, 64
31,  3, 14,   3014, 18,    20,    31,    41042, 60
32,  3, 14,   3014, 18021, 28,    27,    43061, 62060
33,  3, 16,   3014, 18021, 28,    22,    8,     5
34,  3, 17,   3014, 18021, 28,    22,    8007,  39
35,  5, 2,   38037, 35033, 25,    24023, 17012, 2
36,  5, 4,   38037, 35033, 25024, 23019, 18014, 9004
37,  6, 2,   45036, 35033, 25,    24023, 17012, 2
38,  6, 4,   45036, 35033, 25024, 23019, 19014, 9004
39,  7, 2,   48,    46040, 30,    26023, 17012, 2
40,  7, 2,   48     46034, 33025, 24023, 17012, 2
41,  7, 4,   48,    46040, 30026, 23019, 18014, 9004
42,  7, 4,   48046  34033, 25024, 23019, 18014, 9004
43,  8, 2,   50,    51053, 52030, 26,    23017, 12002
44,  8, 2,   50,    49047, 25,    24023, 17012, 2
45,  8, 4,   50051, 53052, 30026, 23019, 18014, 9004
46,  8, 4,   50049, 47,    25024, 23019, 18014, 9004
47,  9, 2,   54,    53052, 30,    26023, 17012, 2
48,  9, 4,   54,    53052, 30026, 23019, 18014, 9004
49, 10, 2,   55,    59057, 31,    20,    18013, 12002
50, 10, 4,   55,    59057, 31,    20,    18014, 9004
51, 11, 2,   58056  59057, 31,    20,    18013, 12002
52, 11, 2,   58029, 44,    27,    28021, 18013, 12002
53, 11, 4,   58029, 44,    27,    28,    15,    4
54, 12, 2,   66067, 41,    31,    20,    18013, 12002
55, 12, 4,   66067, 41,    31,    20,    18014, 9004
56, 13, 2,   64065, 67041, 31,    20,    18013, 12002
57, 13, 2,   64063, 43,    27,    28021, 18013, 12002
58, 13, 4,   64065, 67041, 31,    20,    18014, 9004
59, 13, 4,   64063, 43,    27,    28,    15,    4
60, 14, 2,   60042, 41,    31,    20,    18013, 12002
61, 14, 2,   60062, 61043, 27,    28021, 18013, 12002
62, 14, 4,   60042, 41,    31,    20,    18014, 9004
63, 14, 4,   60062, 61043, 27,    28021, 15,    4
64, 15, 2,   10,    32,    22,    28021, 18013, 12002
65, 15, 4,   10,    32,    22,    28,    15,    4
66, 16, 2,   5,     8,     22,    28021, 18013, 12002
67, 16, 4,   5,     8,     22,    28,    15,    4
68, 17, 2,   39,    7008,  22,    28021, 18013, 12002
69, 17, 4,   39,    7008,  22,    28,    15,    4
70, 6,  18,  45,    36035, 33025, 24023, 19,    18
71, 7,  18,  48,    46034, 33025, 24023, 19,    18
72, 7,  18,  48,    46040, 30,    26023, 19,    18
73, 18, 6,   0,     18019, 23024, 25033, 35036, 45
    
[LOCOS]
1, 26, 028, 1
2, 26, 029, 1
3, 26, 046, 1
4, 27, 001, 1
5, 27, 005, 1
6, 27, 025, 1
7, 27, 046, 1
8, 27, 201, 1
9, 254, 002, 2
10, 254, 003, 2
11, 254, 004, 2
12, 254, 005, 2
13, 254, 006, 2
14, 254, 007, 2
15, 254, 008, 2
16, 254, 009, 2
17, 254, 010, 2
18, 254, 011, 2
19, 254, 012, 2
20, 254, 013, 2
21, 254, 014, 2
22, 254, 015, 2
23, 254, 016, 2
24, 254, 017, 2
25, 254, 018, 3
26, 254, 019, 3
27, 254, 020, 3
28, 47, 701, 10
29, 47, 702, 10
30, 47, 703, 10
31, 47, 704, 10
32, 47, 705, 10
33, 47, 706, 10
34, 47, 707, 10
35, 47, 708, 10
36, 47, 709, 10
37, 47, 710, 10
38, 47, 711, 10
39, 47, 712, 10
40, 47, 713, 10
41, 47, 714, 10
42, 47, 715, 10
43, 47, 716, 10
44, 101, 306, 11
45, 101, 310, 11
46, 101, 324, 11
47, 101, 364, 11
48, 101, 328, 11
49, 101, 330, 11
50, 101, 347, 11
51, 101, 357, 11
52, 101, 358, 11
53, 108, 380, 11
54, 108, 381, 11
55, 108, 383, 11
56, 101, 390, 11
57, 101, 393, 11
58, 101, 394, 11
59, 107, 425, 11
60, 107, 428, 11
61, 107, 431, 11
62, 107, 432, 11
63, 107, 434, 11
64, 104, 456, 11
65, 104, 457, 11
66, 107, 427, 11
67, 107, 429, 11
68, 47, 430, 5
69, 47, 486, 5
70, 47, 517, 5
71, 47, 525, 5
72, 47, 541, 5
73, 47, 543, 5
74, 47, 550, 5
75, 47, 562, 5
76, 47, 570, 5
77, 47, 577, 5
78, 47, 593, 5
79, 47, 595, 5
80, 47, 604, 5
81, 47, 605, 5
82, 47, 635, 5
83, 47, 636, 5
84, 47, 643, 5
85, 37, 401, 12
86, 37, 402, 12
87, 37, 403, 12
88, 37, 404, 12
89, 37, 405, 12
90, 37, 406, 12
91, 37, 407, 12
92, 37, 408, 12
93, 37, 409, 12
94, 37, 410, 12
95, 37, 411, 12
96, 37, 412, 12
97, 37, 413, 12
98, 37, 422, 12
99, 37, 423, 12
100, 37, 424, 12
101, 37, 425, 12
102, 60, 003, 15
103, 60, 052, 15
104, 60, 042, 15
105, 66, 081, 15
106, 66, 102, 15
107, 66, 122, 15
108, 156, 001, 16
109, 156, 002, 16



[TIMETABLE]
1,  156 twin test in, 156 twin test out (A), 1, 0605, 10, 0625, 19, 16,  0,  1, 0
2,  TW:1,             156 twin test out (B), 1, 0605, 10, 0630,  0, 16, 30,  1, 0

11, 1H02 cement ex Motherwell, 0606 Oxwellmains, 1, 0606, 0, 0, 15, 0, 0, 3, 0
12, 5T34 coal ex Cockenzie, 0607 Linlithgow, 15, 0607, 0, 0, 15, 0, 0, 3, 0
 

2, ECS loco 1, ,                 1, 0605, 10, 0, 14, 0, 0, 0
3, Test train 2, ECS,            3, 0606, 10, 0,  1, 1, 0, 0
4, Test train 3, ECS,            3, 0607, 10, 0,  1, 1, 0, 0
5, Test train 4, ECS,            3, 0608, 10, 0,  1, 1, 0, 0
6, Test train 5, ECS,            1, 0608, 10, 0,  5, 1, 0, 0
7, Test train 6, ECS,            1, 0608, 10, 0,  5, 1, 0, 0
8, Test train 7, ECS,            1, 0608, 10, 0,  5, 1, 0, 0
9, Test train 8, ECS,            1, 0608, 10, 0,  5, 1, 0, 0
10, ECS loco 2, ,                1, 0613, 10, 0, 14, 0, 0, 0
11, ECS loco 3, ,                1, 0614, 10, 0, 14, 0, 0, 0
12, ECS loco 4, ,                1, 0615, 10, 0, 14, 0, 0, 0
13, ECS loco 5, ,                1, 0616, 10, 0, 14, 0, 0, 0
14, ECS loco 6, ,                1, 0617, 10, 0, 14, 0, 0, 0
15, ECS loco 7, ,                1, 0618, 10, 0, 14, 0, 0, 0
16, ECS loco 8, ,                1, 0619, 10, 0, 14, 0, 0, 0
17, Test train 1, ECS,            3, 0605, 10, 0,  1, 1, 0, 0

[LOCOYARD]
Disabled

[GENERAL]
StartTime= 0600
StopTime= 1400
StartText1= Winter Thursday in 2006 - 06:00hrs 
StartText2= Prepare to start your 8 hour shift as
StartText3= duty controller at Edinburgh Waverly Station


WAVERLY88.RCD
=============
[SELECTOR]
1, 15, 130, 30, 30, 1, 0,UN
2, 15, 170, 30, 30, 2, 0,DN
3, 15, 210, 30, 30, 1, 0,US
4, 15, 250, 30, 30, 2, 0,DS
5, 805, 10, 30, 30, 2, 0,NL
6, 805, 50, 30, 30, 4, 1,19
7, 805, 90, 30, 30, 3, 2,18
8, 805, 130, 30, 30, 3, 3,17
9, 805, 170, 30, 30, 3, 4,16
10, 805, 210, 30, 30, 3, 5,15
11, 805, 250, 30, 30, 3, 6,14
12, 805, 290, 30, 30, 3, 7,13
13, 805, 330, 30, 30, 3, 8,12
14, 805, 370, 30, 30, 4, 9,11
15, 805, 430, 30, 30, 1, 0,SL
16, 805, 470, 30, 30, 4, 10,20
17, 805, 510, 30, 30, 4, 11,21
18, 140, 210, 30, 30, 5, 14,H

[SECTIONS]
1, 50, 140, 150, 140, 150, 150, 50, 150
2, 50, 180, 175, 180, 175, 190, 50, 190
3, 50, 220, 135, 220, 135, 230, 50, 230
4, 50, 260, 150, 260, 150, 270, 50, 270
5, 690, 480, 780, 480, 780, 490, 690, 490
6, 150, 155, 160, 155, 185, 175, 175, 175
7, 680, 495, 690, 495, 715, 515, 705, 515
8, 655, 455, 665, 455, 690, 475, 680, 475
9, 175, 235, 185, 235, 160, 255, 150, 255
10, 730, 440, 800, 440, 800, 450, 730, 450
11, 160, 140, 250, 140, 250, 150, 160, 150
12, 185, 180, 215, 180, 215, 190, 185, 190
13, 215, 195, 225, 195, 250, 215, 240, 215
14, 175, 220, 240, 220, 240, 230, 175, 230
15, 160, 260, 305, 260, 305, 270, 160, 270
16, 260, 140, 375, 140, 375, 150, 260, 150
17, 225, 180, 305, 180, 305, 190, 225, 190
18, 250, 220, 280, 220, 280, 230, 250, 230
19, 305, 195, 315, 195, 290, 215, 280, 215
20, 290, 220, 430, 220, 430, 230, 290, 230
21, 280, 235, 290, 235, 315, 255, 305, 255
22, 450, 275, 460, 275, 665, 435, 655, 435
23, 315, 180, 350, 180, 350, 190, 315, 190
24, 375, 155, 385, 155, 360, 175, 350, 175
25, 385, 140, 540, 140, 540, 150, 385, 150
26, 360, 180, 450, 180, 450, 190, 360, 190
27, 460, 260, 550, 260, 550, 270, 460, 270
28, 315, 260, 450, 260, 450, 270, 315, 270
29, 670, 260, 720, 260, 720, 270, 670, 270
30, 460, 180, 545, 180, 545, 190, 460, 190
31, 440, 220, 560, 220, 560, 230, 440, 230
32, 665, 440, 720, 440, 720, 450, 665, 450
33, 565, 115, 575, 115, 550, 135, 540, 135
34, 575, 100, 620, 100, 620, 110, 575, 110
35, 590,  75, 600,  75, 575,  95, 565,  95
36, 600,  60, 710,  60, 710,  70, 600,  70
37, 615,  35, 625,  35, 600,  55, 590,  55
38, 625,  20, 800,  20, 800,  30, 625,  30
39, 715, 520, 780, 520, 780, 530, 715, 530
40, 620, 115, 630, 115, 555, 175, 545, 175
41, 560, 235, 570, 235, 645, 295, 635, 295
42, 635, 315, 645, 315, 720, 375, 710, 375
43, 550, 275, 560, 275, 635, 335, 625, 335
44, 560, 260, 660, 260, 660, 270, 560, 270
45, 720,  60, 780,  60, 780,  70, 720,  70
46, 630, 100, 700, 100, 700, 110, 630, 110
47, 550, 140, 670, 140, 670, 150, 550, 150
48, 710, 100, 780, 100, 780, 110, 710, 110
49, 680, 140, 720, 140, 720, 150, 680, 150
50, 730, 140, 780, 140, 780, 150, 730, 150
51, 720, 155, 730, 155, 705, 175, 695, 175
52, 555, 180, 600, 180, 600, 190, 555, 190
53, 610, 180, 695, 180, 695, 190, 610, 190
54, 705, 180, 780, 180, 780, 190, 705, 190
55, 705, 220, 780, 220, 780, 230, 705, 230
56, 695, 235, 705, 235, 730, 255, 720, 255
57, 570, 220, 620, 220, 620, 230, 570, 230
58, 730, 260, 780, 260, 780, 270, 730, 270
59, 630, 220, 695, 220, 695, 230, 630, 230
60, 720, 380, 780, 380, 780, 390, 720, 390
61, 625, 355, 635, 355, 660, 375, 650, 375
62, 660, 380, 710, 380, 710, 390, 660, 390
63, 635, 340, 730, 340, 730, 350, 635, 350
64, 740, 340, 780, 340, 780, 350, 740, 350
65, 705, 315, 715, 315, 740, 335, 730, 335
66, 715, 300, 780, 300, 780, 310, 715, 310
67, 645, 300, 705, 300, 705, 310, 645, 310

[OVERLAPPING]
1, 40, 47
2, 41, 44
3, 42, 63

[PLATFORMS]
1, 790, 60,  800, 60,  800, 70,  790, 70
2, 790, 100, 800, 100, 800, 110, 790, 110
3, 790, 140, 800, 140, 800, 150, 790, 150
4, 790, 180, 800, 180, 800, 190, 790, 190
5, 790, 220, 800, 220, 800, 230, 790, 230
6, 790, 260, 800, 260, 800, 270, 790, 270
7, 790, 300, 800, 300, 800, 310, 790, 310
8, 790, 340, 800, 340, 800, 350, 790, 350
9, 790, 380, 800, 380, 800, 390, 790, 390
10, 790, 480, 800, 480, 800, 490, 790, 490
11, 790, 520, 800, 520, 800, 530, 790, 530


[ROUTES]
1,   1, 5,    1011, 16,    25,    33035, 37,    38
2,   1, 6,    1011, 16,    25,    33035, 36,    45
3,   1, 7,    1011, 16,    25,    33034, 46,    48
4,   1, 7,    1006, 12017, 23026, 30040, 46,    48
5,   1, 8,    1011, 16,    25,    47,    49,    50
6,   1, 8,    1006, 12017, 23026, 30052, 53051, 50
7,   1, 9,    1006, 12017, 23026, 30052, 53,    54
8,   1, 10,   1006, 12013, 18020, 31,    57059, 55
9,   1, 11,   1006, 12013, 18020, 31,    57059, 56058
10,  1, 11,   1006, 12013, 18021, 28027, 44,    29058
11,  1, 12,   1006, 12013, 18020, 31,    41067, 66
12,  1, 13,   1006, 12013, 18020, 31,    41067, 65064
13,  1, 13,   1006, 12013, 18021, 28027, 43063, 64
14,  1, 14,   1006, 12013, 18020, 31,    41042, 60
15,  1, 14,   1006, 12013, 18021, 28027, 43061, 62060
16,  1, 16,   1006, 12013, 18021, 28,    22,    8005
17,  1, 17,   1006, 12013, 18021, 28,    22008, 7039
18,  3, 5,    3014, 18019, 23024, 25033, 35037, 38
19,  3, 6,    3014, 18019, 23024, 25033, 35036, 45
20,  3, 7,    3014, 18019, 23024, 25033, 34046, 48
21,  3, 7,    3014, 18019, 23026, 30,    40046, 48
22,  3, 8,    3014, 18019, 23024, 25,    47049, 50
23,  3, 8,    3014, 18019, 23026, 30052, 53051, 50
24,  3, 9,    3014, 18019, 23026, 30052, 53,    54
25,  3, 10,   3014, 18,    20,    31,    57059, 55
26,  3, 11,   3014, 18,    20,    31,    57059, 56058
27,  3, 11,   3014, 18021, 28,    27,    44029, 58
28,  3, 12,   3014, 18,    20,    31,    41067, 66
29,  3, 13,   3014, 18,    20,    31,    41067, 65064
30,  3, 13,   3014, 18021, 28,    27,    43063, 64
31,  3, 14,   3014, 18,    20,    31,    41042, 60
32,  3, 14,   3014, 18021, 28,    27,    43061, 62060
33,  3, 16,   3014, 18021, 28,    22,    8,     5
34,  3, 17,   3014, 18021, 28,    22,    8007,  39
35,  5, 2,   38037, 35033, 25,    24023, 17012, 2
36,  5, 4,   38037, 35033, 25024, 23019, 18014, 9004
37,  6, 2,   45036, 35033, 25,    24023, 17012, 2
38,  6, 4,   45036, 35033, 25024, 23019, 18014, 9004
39,  7, 2,   48,    46040, 30,    26023, 17012, 2
40,  7, 2,   48,    46034, 33025, 24023, 17012, 2
41,  7, 4,   48,    46040, 30026, 23019, 18014, 9004
42,  7, 4,   48046  34033, 25024, 23019, 18014, 9004
43,  8, 2,   50,    51053, 52030, 26,    23017, 12002
44,  8, 2,   50,    49047, 25,    24023, 17012, 2
45,  8, 4,   50051, 53052, 30026, 23019, 18014, 9004
46,  8, 4,   50049, 47,    25024, 23019, 18014, 9004
47,  9, 2,   54,    53052, 30,    26023, 17012, 2
48,  9, 4,   54,    53052, 30026, 23019, 18014, 9004
49, 10, 2,   55,    59057, 31,    20,    18013, 12002
50, 10, 4,   55,    59057, 31,    20,    18014, 9004
51, 11, 2,   58056, 59057, 31,    20,    18013, 12002
52, 11, 2,   58029, 44,    27,    28021, 18013, 12002
53, 11, 4,   58029, 44,    27,    28,    15,    4
54, 12, 2,   66067, 41,    31,    20,    18013, 12002
55, 12, 4,   66067, 41,    31,    20,    18014, 9004
56, 13, 2,   64065, 67041, 31,    20,    18013, 12002
57, 13, 2,   64063, 43,    27,    28021, 18013, 12002
58, 13, 4,   64063, 43,    27,    28,    15,    4
59, 13, 4,   64065, 67041, 31,    20,    18014, 9004
60, 14, 2,   60042, 41,    31,    20,    18013, 12002
61, 14, 2,   60062, 61043, 27,    28021, 18013, 12002
62, 14, 4,   60062, 61043, 27,    28,    15,    4
63, 14, 4,   60042, 41,    31,    20,    18014, 9004
64, 15, 2,   10,    32,    22,    28021, 18013, 12002
65, 15, 4,   10,    32,    22,    28,    15,    4
66, 16, 2,   5,     8,     22,    28021, 18013, 12002
67, 16, 4,   5,     8,     22,    28,    15,    4
68, 17, 2,   39,    7008,  22,    28021, 18013, 12002
69, 17, 4,   39,    7008,  22,    28,    15,    4
70, 6,  18,  45,    36035, 33025, 24023, 19,    18
71, 7,  18,  48,    46034, 33025, 24023, 19,    18
72, 7,  18,  48,    46040, 30,    26023, 19,    18
73, 8,  18,  50,    49,    47025, 24023, 19,    18
74, 8,  18,  50,    51053, 52030, 26023, 19,    18
75, 9,  18,  54,    53,    52030, 26023, 19,    18
76, 10, 18,  55,    59,    57,    31,    20,    18
77, 11, 18,  58,    56059, 57,    31,    20,    18
78, 11, 18,  58029, 44,    27,    28,    21,    18 
79, 12, 18,  66,    67,    41,    31,    20,    18
80, 13, 18,  64065, 67,    41,    31,    20,    18
81, 13, 18,  64063, 43,    27,    28,    21,    18
82, 14, 18,  60,    42,    41,    31,    20,    18
83, 14, 18,  60062  61043, 27,    28,    21,    18
84, 16, 18,  5,     8,     22,    28,    21,    18
85, 17, 18,  39007, 8,     22,    28,    21,    18
86, 18, 6,   0,     18019, 23024, 25033, 35036, 45
87, 18, 7,   0,     18019, 23024, 25033, 34046, 48
88, 18, 7,   0,     18019, 23026, 30,    40046, 48
89, 18, 8,   0,     18019, 23024, 25047, 49,    50
90, 18, 8,   0,     18019, 23026, 30052, 53051, 50
91, 18, 9,   0,     18019, 23026, 30052, 53,    54
92, 18, 10,  0,     18020, 31,    57,    59,    55
93, 18, 11,  0,     18020, 31,    57,    56059, 58
94, 18, 11,  0,     18021, 28,    27,    44,    29058
95, 18, 12,  0,     18020, 31,    41,    67,    66
96, 18, 13,  0,     18020, 31,    41,    67,    65064
97, 18, 13,  0,     18021, 28,    27,    43,    63064
98, 18, 14,  0,     18020, 31,    41,    42,    60
99, 18, 14,  0,     18021, 28,    27,    43061, 62060
100, 18, 16,  0,     18021, 28,    22,    8,     5
101, 18, 17,  0,     18021, 28,    22,    8,     7039


    
[LOCOS]
1, 26, 028, 1
2, 26, 029, 1
3, 26, 046, 1
4, 27, 001, 1
5, 27, 005, 1
6, 27, 025, 1
7, 27, 046, 1
8, 27, 201, 1
9, 254, 002, 2
10, 254, 003, 2
11, 254, 004, 2
12, 254, 005, 2                            
13, 254, 006, 2
14, 254, 007, 2
15, 254, 008, 2
16, 254, 009, 2
17, 254, 010, 2
18, 254, 011, 2
19, 254, 012, 2
20, 254, 013, 2
21, 254, 014, 2
22, 254, 015, 2
23, 254, 016, 2
24, 254, 017, 2
25, 254, 018, 3
26, 254, 019, 3
27, 254, 020, 3
28, 47, 701, 10
29, 47, 702, 10
30, 47, 703, 10
31, 47, 704, 10
32, 47, 705, 10
33, 47, 706, 10
34, 47, 707, 10
35, 47, 708, 10
36, 47, 709, 10
37, 47, 710, 10
38, 47, 711, 10
39, 47, 712, 10
40, 47, 713, 10
41, 47, 714, 10
42, 47, 715, 10
43, 47, 716, 10
44, 101, 306, 11
45, 101, 307, 11
46, 101, 310, 11
47, 101, 315, 11
48, 101, 317, 11
49, 101, 318, 11
50, 101, 319, 11
51, 101, 324, 11
52, 101, 350, 11
53, 101, 355, 11
54, 101, 356, 11
55, 101, 359, 11
56, 101, 362, 11
57, 101, 364, 11
58, 120, 532, 11
59, 120, 533, 11
60, 120, 534, 11
61, 120, 535, 11
62, 101, 328, 11
63, 101, 330, 11
64, 101, 331, 11
65, 101, 336, 11
66, 101, 339, 11
67, 101, 346, 11
68, 101, 347, 11
69, 101, 357, 11
70, 101, 358, 11
71, 108, 380, 11
72, 108, 381, 11
73, 108, 383, 11
74, 108, 384, 11
75, 108, 385, 11
76, 108, 386, 11
77, 101, 390, 11
78, 108, 391, 11
79, 108, 392, 11
80, 108, 393, 11
81, 108, 394, 11
82, 107, 425, 11
83, 107, 428, 11
84, 107, 431, 11
85, 107, 432, 11
86, 107, 434, 11
87, 104, 456, 11
88, 104, 457, 11
89, 104, 458, 11
90, 104, 459, 11
91, 47, 430, 5
92, 47, 486, 5
93, 47, 517, 5
94, 47, 525, 5
95, 47, 541, 5
96, 47, 543, 5
97, 47, 550, 5
98, 47, 562, 5
99, 47, 570, 5
100, 47, 577, 5
101, 47, 593, 5
102, 47, 595, 5
103, 47, 604, 5
104, 47, 605, 5
105, 47, 635, 5
106, 47, 636, 5
107, 47, 643, 5
108, 37, 401, 12
109, 37, 402, 12
110, 37, 403, 12
111, 37, 404, 12
112, 37, 405, 12
113, 37, 406, 12
114, 37, 407, 12
115, 37, 408, 12
116, 37, 409, 12
117, 37, 410, 12
118, 37, 411, 12
119, 37, 412, 12
120, 37, 413, 12
121, 37, 422, 12
122, 37, 423, 12
123, 37, 424, 12
124, 37, 425, 12
125, 60, 003, 15
126, 60, 052, 15
127, 60, 042, 15
128, 66, 081, 15
129, 66, 102, 15
130, 66, 122, 15
131, 156, 001, 16
132, 156, 002, 16
133, 150, 283, 22
134, 150, 284, 22
135, 150, 285, 22
136, 150, 255, 22
137, 150, 257, 22
138, 150, 259, 22



[TIMETABLE]
1,   ECS 06:00 dep, 06:00 Cowdenbeath,             1, 0540,  5, 0600, 11, 11, 14,  2,   0
2,   ECS 06:15 dep, 06:15 Kirkcaldy,               1, 0545,  5, 0615, 11, 11, 14,  3,  35  # Becomes 07:30 ex Kirkcaldy
3,   23:25 ex Euston, ECS Craigentinny,            3, 0550, 20,    0,  5,  1, 12, 11,   0
4,   ECS 06:06 dep, 06:06 Bathgate,                3, 0550,  0, 0606, 22, 22, 14,  9,  18  # Becomes 06:37 ex Bathgate
5,   ECS 06:10 dep, 06:10 Glasgow QS,              3, 0600,  0, 0610,  2,  2, 14,  8,  34  # Becomes 07:30 ex Glasgow QS
6,   ECS 06:50 dep, 06:50 Aberdeen,                3, 0600,  0, 0650,  2,  2, 14,  1,  91  # Becomes The Aberdonian
7,   Aberdeen cement, Aberdeen cement,            15, 0606,  0,    0, 12, 12,  0,  3,   0
8,   ECS 06:40 dep, 06:40 Dunblane,                1, 0610,  5, 0640, 11, 11,  0,  0,  54  # Becomes 08:24 ex Dunblane
9,   ECS 06:48 dep, 06:48 Glasgow Cen,             1, 0615,  5, 0648, 11, 11,  0,  0,   0    
10,  23:45 Euston Sleeper, ECS Craigentinny,       3, 0620, 20,    0,  5,  1,  0,  2,   0
11,  ECS 07:00 dep, 07:00 Glasgow QS,              1, 0622, 10, 0700, 10, 10,  0,  0,  44  # Becomes 08:00 ex Glasgow QS
12,  Stock 07:10 dep, 07:10 Inverness,             1, 0627,  5, 0710,  1,  5,  0,  0,   0
13,  LE Haymarket, ,                               1, 0631,  5,    0,  7,  7,  0,  0,   0
14,  ECS 06:58 dep, 06:58 Cowdenbeath,             1, 0635,  5, 0658, 11, 11,  0,  0,  43  # Becomes 08:01 ex Cowdenbeath
15,  ECS 07:06 dep, 07:06 Bathgate,                1, 0640, 10, 0706, 22, 22,  0,  0,  31  # Becomes 07:37 ex Bathgate
16,  23:40 ex Inverness, ECS Craigentinny,         3, 0646, 20,    0,  5,  1,  0,  2,   0
17,  ECS 07:18 dep, 07:18 Glasgow Cen,             1, 0700,  5, 0718, 11, 11,  0,  0,  74  # Becomes 09:26 ex Glasgow Cen
18,  06:37 ex Bathgate, 07:10 Dundee,              3, 0703,  3, 0710, 22, 22,  0,  1,  58  # Becomes 08:40 ex Dundee
19,  ECS 07:30 dep, 07:30 Glasgow QS,              1, 0705, 10, 0730, 10, 10,  0,  0,  51  # Becomes 08:30 ex Glasgow QS
20,  06:22 ex Kirkcaldy, 07:30 Kirkcaldy,          1, 0712,  5, 0730, 11, 11,  0,  1,  52  # Becomes 08:30 ex Kirkcaldy
21,  ECS 07:33 dep, 07:33 Bathgate,                1, 0718,  5, 0733, 22, 22,  0,  0,  38  # Becomes 08:07 ex Bathgate
22,  06:25 ex Glasgow QS, 07:30 KingsX,            3, 0727,  0,    0,  2,  0,  0,  3,   0
23,  06:17 ex Holytown, 07:48 West Calder,         3, 0736,  5, 0748, 11, 11,  0,  1,  49  # Becomes 08:36 ex West Calder
24,  07:05 ex N Berwick, 07:40 Dunblane,          15, 0740,  0,    0, 11, 11,  0,  5,  65  # Becomes 09:24 ex Dunblane
25,  ECS 08:07 dep, 08:07 Cowdenbeath,             1, 0742,  5, 0807, 11, 11,  0,  0,  61  # Becomes 09:28 ex Cowdenbeath
26,  ECS 08:10 dep, 08:10 Stirling,                1, 0745,  5, 0810, 11, 11,  0,  0,   0  
27,  06:55 ex Glasgow QS, 08:00 Glasgow QS,        3, 0750,  5, 0800, 10, 10,  0,  1,  57  # Becomes 09:00 ex Glasgow QS
28,  06:23 ex Dundee, 08:13 Bathgate,              1, 0751,  5, 0813, 22, 22,  0,  1,  48  # Becomes 08:42 ex Bathgate
29,  LE Haymarket, ,                               1, 0755,  5,    0,  7,  7,  0,  0,   0  
30,  06:47 ex Markinch, ECS Haymarket,             1, 0800,  5,    0, 11, 11,  0,  1,  64  # Becomes ECS 10:50 dep
31,  07:37 ex Bathgate, 08:13 Dundee,              3, 0803,  5, 0813, 22, 22,  0,  1,  70  # Becomes 09:40 ex Dundee
32,  06:26 ex Glasgow Cen, 08:18 Glasgow Cen,      3, 0806,  5, 0818, 11, 11,  0,  1,  87  # Becomes 10:30 ex Glasgow Cen
33,  07:08 ex Dunblane, 08:40 Stirling,            3, 0811,  5, 0840, 11, 11,  0,  1,  71  # Becomes 10:03 ex Stirling
34,  07:30 ex Glasgow QS, 08:30 KingsX,            3, 0818,  0,    0,  2,  0,  0,  3,   0
35,  07:30 ex Kirkcaldy, 08:50 Kirkcaldy,          1, 0820,  5, 0850, 11, 11,  0,  1,  67  # Becomes 09:52 ex Kirkcaldy
36,  06:55 ex Dundee, 08:35 Aberdeen,              1, 0825,  4, 0835, 10, 10,  0,  1, 122  # Becomes 12:30 ex Aberdeen
37,  08:00 ex L'stone Nth, 09:06 Bathgate,         3, 0825,  5, 0906, 22, 22,  0,  1,  60  # Becomes 09:37 ex Bathgate
38,  08:07 ex Bathgate, 09:13 Dundee,              3, 0833,  5, 0913, 22, 22,  0,  1,  84  # Becomes 10:40 ex Dundee
39,  07:40 ex Cardenden, 09:20 Cowdenbeath,        1, 0835,  5, 0920, 11, 11,  0,  1,  75  # Becomes 10:28 ex Cowdenbeath
40,  06:56 ex Glasgow Cen, 09:18 Glasgow Cen,      3, 0836,  5, 0918, 11, 11,  0,  1,  98  # Becomes 11:26 ex Glasgow Cen
41,  07:06 ex Perth, 09:10 Dunblane,               3, 0838,  5, 0910, 11, 11,  0,  1,  80  # Becomes 10:22 ex Dunblane
42,  07:52 ex Kirkcaldy, ECS Haymarket,            1, 0842,  5,    0, 11, 11,  0,  1, 148  # Becomes ECS 18:00 dep
43,  08:01 ex Cowdenbeath, 09:50 Kirkcaldy,        1, 0846,  5, 0950, 11, 11,  0,  1,  82  # Becomes 10:52 ex Kirkcaldy
44,  08:00 ex Glasgow QS, 09:00 Glasgow QS,        3, 0848,  5, 0900, 10, 10,  0,  1,  69  # Becomes 10:00 ex Glasgow QS
45,  07:15 ex Dundee, ECS Haymarket,               1, 0851, 10,    0, 10, 10,  0,  1,  89  # Becomes ECS 12:45 dep
46,  08:03 ex Stirling, 09:40 Stirling,            3, 0859,  5, 0940, 11, 11,  0,  1,  85  # Becomes 11:03 ex Stirling
47,  08:10 ex Cardenden, 10:20 Cowdenbeath,        1, 0905,  5, 1020, 11, 11,  0,  1,  88  # Becomes 11:28 ex Cowdenbeath
48,  08:42 ex Bathgate, 10:06 Bathgate,            3, 0908,  5, 1006, 22, 22,  0,  1,  72  # Becomes 10:37 ex Bathgate
49,  08:36 ex West Calder, 10:18 Glasgow Cen,      3, 0911,  5, 1018, 11, 11,  0,  1, 107  # Becomes 12:30 ex Glasgow Cen
50,  Stock 10:05 dep, 10:05 Inverness,             1, 0915,  5, 1005,  1,  5,  0,  0,   0
51,  08:30 ex Glasgow QS, 09:30 Glasgow QS,        3, 0918,  5, 0930, 10, 10,  0,  1,  76  # Becomes 10:30 ex Glasgow QS
52,  08:30 ex Kirkcaldy, ECS Haymarket,            1, 0920,  5,    0, 11, 11,  0,  1, 133  # Becomes ECS 16:50 dep
53,  06:52 ex Aberdeen, 09:35 KingsX,              1, 0925,  0,    0,  2,  0,  0,  3,   0
54,  08:24 ex Dunblane, 10:10 Dunblane,            3, 0929,  5, 1010, 11, 11,  0,  1,  92  # Becomes 11:24 ex Dunblane
55,  LE Haymarket, ,                               1, 0930,  5,    0,  8,  8,  0,  0,   0
56,  09:32 ex West Calder, ECS Haymarket,          3, 0932,  5,    0, 11, 11,  0,  1, 155  # Becomes ECS 18:18 dep
57,  09:00 ex Glasgow QS, 10:00 Glasgow QS,        3, 0948,  5, 1000, 10, 10,  0,  1,  83  # Becomes 11:00 ex Glasgow QS
58,  08:40 ex Dundee, 10:13 Dundee,                1, 0959,  5, 1013, 22, 22,  0,  1,  95  # Becomes 11:40 ex Dundee
59,  09:03 ex Stirling, 10:40 Stirling,            3, 0959,  5, 1040, 11, 11,  0,  1,  96  # Becomes 12:03 ex Stirling
60,  09:37 ex Bathgate, 11:06 Bathgate,            3, 1003,  5, 1106, 22, 22,  0,  1,  86  # Becomes 11:37 ex Bathgate
61,  09:28 ex Cowdenbeath, ECS Haymarket,          1, 1012,  5,    0, 11, 11,  0,  1, 144  # Becomes ECS 17:42 dep
62,  09:30 ex Glasgow QS, 10:30 Glasgow QS,        3, 1018,  5, 1030, 10, 10,  0,  1,  90  # Becomes 11:30 ex Glasgow QS
63,  The Flying Scotsman, 10:30 KingsX,            1, 1020,  0,    0,  2,  0,  0,  3,   0
64,  ECS 10:50 dep, 10:50 Kirkcaldy,               1, 1024,  5, 1050, 11, 11,  0,  0,  93  # Becomes 11:52 ex Kirkcaldy
65,  09:24 ex Dunblane, 11:10 Dunblane,            3, 1029,  5, 1110, 11, 11,  0,  1, 101  # Becomes 12:24 ex Dunblane
66,  CWR flats, CWR flats,                         1, 1033,  0,    0, 12, 12,  0,  3,   0
67,  09:52 ex Kirkcaldy, 11:20 Cowdenbeath,        1, 1042,  5, 1120, 11, 11,  0,  1,  99  # Becomes 12:28 ex Cowdenbeath
68,  Stock 11:35 dep, 11:35 Inverness,             1, 1047,  5, 1135,  1,  5,  0,  0,   0
69,  10:00 ex Glasgow QS, 11:00 Glasgow QS,        3, 1048,  5, 1100, 10, 10,  0,  1,  94  # Becomes 12:00 ex Glasgow QS
70,  09:40 ex Dundee, 11:13 Dundee,                1, 1059,  5, 1113, 22, 22,  0,  1, 104  # Becomes 12:40 ex Dundee
71,  10:03 ex Stirling, 11:40 Stirling,            3, 1059,  5, 1140, 11, 11,  0,  1, 105  # Becomes 13:03 ex Stirling
72,  10:37 ex Bathgate, 12:06 Bathgate,            3, 1103,  5, 1206, 22, 22,  0,  1,  97  # Becomes 12:37 ex Bathgate
73,  LE Haymarket, ,                               1, 1105,  5,    0,  8,  8,  0,  0,   0
74,  09:26 ex Glasgow Cen, 11:18 Glasgow Cen,      3, 1106,  5, 1118, 11, 11,  0,  1, 120  # Becomes 13:26 ex Glasgow Cen
75,  10:28 ex Cowdenbeath, 11:50 Kirkcaldy,        1, 1112,  5, 1150, 11, 11,  0,  1, 102  # Becomes 12:52 ex Kirkcaldy
76,  10:30 ex Glasgow QS, 11:30 Glasgow QS,        3, 1118,  5, 1130, 10, 10,  0,  1, 100  # Becomes 12:30 ex Glasgow QS
77,  Highland Chieftain, 11:30 KingsX,             3, 1122,  0,    0,  2,  0,  0,  5,   0
78,  The Devon Scot, 11:45 Plymouth,               1, 1130,  5, 1145,  5,  5,  0,  2,   0
79,  06:05 ex KingsX, 11:33 Aberdeen,             15, 1133,  0,    0,  2,  0,  0,  5,   0
80,  10:22 ex Dunblane, 12:10 Dunblane,            3, 1136,  5, 1210, 11, 11,  0,  1, 111  # Becomes 13:24 ex Dunblane
81,  LE Haymarket, ,                               1, 1139,  3,    0,  8,  8,  0,  0,   0
82,  10:52 ex Kirkcaldy, 12:20 Cowdenbeath,        1, 1142,  5, 1220, 11, 11,  0,  1, 108  # Becomes 13:28 ex Cowdenbeath
83,  11:00 ex Glasgow QS, 12:00 Glasgow QS,        3, 1148,  5, 1200, 10, 10,  0,  1, 103  # Becomes 13:00 ex Glasgow QS
84,  10:40 ex Dundee, 12:13 Dundee,                1, 1159,  5, 1213, 22, 22,  0,  1, 117  # Becomes 13:40 ex Dundee
85,  11:03 ex Stirling, 12:40 Stirling,            3, 1159,  5, 1240, 11, 11,  0,  1, 118  # Becomes 14:03 ex Stirling
86,  11:37 ex Bathgate, 13:06 Bathgate,            3, 1203,  5, 1306, 22, 22,  0,  1, 106  # Becomes 13:37 ex Bathgate
87,  10:30 ex Glasgow Cen, 12:18 Glasgow Cen,      3, 1206,  5, 1218, 11, 11,  0,  1, 130  # Becomes 14:30 ex Glasgow Cen
88,  11:28 ex Cowdenbeath, 12:50 Kirkcaldy,        1, 1212,  5, 1250, 11, 11,  0,  1, 113  # Becomes 13:52 ex Kirkcaldy
89,  ECS 12:45 dep, 12:45 Aberdeen,                1, 1218, 10, 1245, 10, 10,  0,  0, 162  # Becomes 16:05 ex Aberdeen
90,  11:30 ex Glasgow QS, 12:30 Glasgow QS,        3, 1218,  5, 1230, 10, 10,  0,  1, 109  # Becomes 13:30 ex Glasgow QS
91,  The Aberdonian, 12:30 KingsX,                 1, 1220,  0,    0,  2,  0,  0,  5,   0
92,  11:24 ex Dunblane, 13:10 Dunblane,            3, 1229,  5, 1310, 11, 11,  0,  1, 124  # Becomes 14:24 ex Dunblane
93,  11:52 ex Kirkcaldy, 13:20 Cowdenbeath,        1, 1242,  5, 1320, 11, 11,  0,  1, 121  # Becomes 14:28 ex Cowdenbeath
94,  12:00 ex Glasgow QS, 13:00 Glasgow QS,        3, 1248,  5, 1300, 10, 10,  0,  1, 114  # Becomes 14:00 ex Glasgow QS
95,  11:40 ex Dundee, 13:13 Dundee,                1, 1259,  5, 1313, 22, 22,  0,  1, 127  # Becomes 14:40 ex Dundee
96,  12:03 ex Stirling, 13:40 Stirling,            3, 1259,  5, 1340, 11, 11,  0,  1, 128  # Becomes 15:03 ex Stirling
97,  12:37 ex Bathgate, 14:06 Bathgate,            3, 1303,  5, 1406, 22, 22,  0,  1, 119  # Becomes 14:37 ex Bathgate
98,  11:26 ex Glasgow Cen, 13:18 Glasgow Cen,      3, 1306,  5, 1318, 11, 11,  0,  1, 142  # Becomes 15:26 ex Glasgow Cen
99,  12:28 ex Cowdenbeath, 13:50 Kirkcaldy,        1, 1312,  5, 1350, 11, 11,  0,  1, 125  # Becomes 14:52 ex Kirkcaldy
100, 12:30 ex Glasgow QS, 13:30 Glasgow QS,        3, 1318,  5, 1330, 10, 10,  0,  1, 123  # Becomes 14:30 ex Glasgow QS
101, 12:24 ex Dunblane, 14:10 Dunblane,            3, 1329,  5, 1410, 11, 11,  0,  1, 134  # Becomes 15:24 ex Dunblane
102, 12:52 ex Kirkcaldy, 14:20 Cowdenbeath,        1, 1342,  5, 1420, 11, 11,  0,  1, 131  # Becomes 15:28 ex Cowdenbeath
103, 13:00 ex Glasgow QS, 14:00 Glasgow QS,        3, 1348,  5, 1400, 10, 10,  0,  1, 126  # Becomes 15:00 ex Glasgow QS
104, 12:40 ex Dundee, 14:13 Dundee,                1, 1359,  5, 1413, 22, 22,  0,  1, 138  # Becomes 15:40 ex Dundee
105, 13:03 ex Stirling, 14:40 Stirling,            3, 1359,  5, 1440, 11, 11,  0,  1, 139  # Becomes 16:03 ex Stirling
106, 13:37 ex Bathgate, 15:06 Bathgate,            3, 1403,  5, 1506, 22, 22,  0,  1, 129  # Becomes 15:37 ex Bathgate
107, 12:30 ex Glasgow Cen, 14:18 Glasgow Cen,      3, 1406,  5, 1418, 11, 11,  0,  1, 169  # Becomes 17:22 ex Glasgow Cen
108, 13:28 ex Cowdenbeath, 14:40 Kirkcaldy,        1, 1412,  5, 1440, 11, 11,  0,  1, 136  # Becomes 15:52 ex Kirkcaldy
109, 13:30 ex Glasgow QS, 14:30 Glasgow QS,        3, 1418,  5, 1430, 10, 10,  0,  1, 132  # Becomes 15:30 ex Glasgow QS
110, 10:35 ex Inverness, Euston Clansman,          3, 1428,  3, 1444,  5,  5,  0,  1,   0 
111, 13:24 ex Dunblane, 15:10 Dunblane,            3, 1437,  5, 1510, 11, 11,  0,  1, 147  # Becomes 16:24 ex Dunblane
112, LE Haymarket, ,                               1, 1439,  2,    0,  8,  8,  0,  0,   0  # For Euston Clansman
113, 13:52 ex Kirkcaldy, 15:20 Cowdenbeath,        1, 1442,  5, 1520, 11, 11,  0,  1, 143  # Becomes 16:28 ex Cowdenbeath
114, 14:00 ex Glasgow QS, 15:00 Glasgow QS,        3, 1448,  5, 1500, 10, 10,  0,  1, 137  # Becomes 16:00 ex Glasgow QS
115, 10:30 ex KingsX, 14:55 Aberdeen,             15, 1455,  0,    0,  2,  0,  0,  5,   0
116, 08:35 ex Euston, North Clansman,              3, 1455,  3, 1525,  5,  5,  0,  2,   0
117, 13:40 ex Dundee, 15:13 Dundee,                1, 1459,  5, 1513, 22, 22,  0,  1, 153  # Becomes 16:40 ex Dundee
118, 14:03 ex Stirling, 15:40 Stirling,            3, 1459,  5, 1540, 11, 11,  0,  1, 152  # Becomes 17:03 ex Stirling
119, 14:37 ex Bathgate, 16:06 Bathgate,            3, 1503,  5, 1606, 22, 22,  0,  1, 141  # Becomes 16:37 ex Bathgate
120, 13:26 ex Glasgow Cen, 15:18 West Calder,      3, 1506,  5, 1518, 11, 11,  0,  1, 176  # Becomes 18:07 ex Glasgow Cen
121, 14:28 ex Cowdenbeath, 15:50 Kirkcaldy,        1, 1512,  5, 1550, 11, 11,  0,  1,   0  # Tecomes 16:52 ex Kirkcaldy
122, 12:30 ex Aberdeen, 16:55 Aberdeen,            1, 1516, 10, 1655, 10, 10,  0,  1, 206  # Becomes 20:30 ex Aberdeen
123, 14:30 ex Glasgow QS, 15:30 Glasgow QS,        3, 1518,  5, 1530, 10, 10,  0,  1, 145  # Becomes 16:30 ex Glasgow QS
124, 14:24 ex Dunblane, 16:10 Dunblane,            3, 1529,  5, 1610, 11, 11,  0,  1, 159  # Becomes 17:24 ex Dunblane
125, 14:52 ex Kirkcaldy, 16:20 Cowdenbeath,        1, 1542,  5, 1620, 11, 11,  0,  1, 157  # Becomes 17:28 ex Cowdenbeath
126, 15:00 ex Glasgow QS, 16:00 Glasgow QS,        3, 1548,  5, 1600, 10, 10,  0,  1, 151  # Becomes 17:00 ex Glasgow QS
127, 14:40 ex Dundee, 16:13 Dundee,                1, 1559,  5, 1613, 22, 22,  0,  1, 170  # Becomes 17:42 ex Dundee
128, 15:03 ex Stirling, 16:40 Stirling,            3, 1559,  5, 1640, 11, 11,  0,  1, 167  # Becomes 17:54 ex Dunblane
129, 15:37 ex Bathgate, 16:33 Bathgate,            3, 1603,  5, 1633, 22, 22,  0,  1, 150  # Becomes 17:07 ex Bathgate
130, 14:30 ex Glasgow Cen, 16:18 Glasgow Cen,      3, 1606,  5, 1618, 11, 11,  0,  1,   0  
131, 15:28 ex Cowdenbeath, 16:42 Cowdenbeath,      1, 1612,  5, 1642, 11, 11,  0,  1, 166  # Becomes 18:14 ex Cowdenbeath
132, 15:30 ex Glasgow QS, 16:30 Glasgow QS,        3, 1618,  5, 1630, 10, 10,  0,  1, 158  # Becomes 17:30 ex Glasgow QS
133, ECS 16:50 dep, 16:50 Kirkcaldy,               1, 1620,  5, 1650, 11, 11,  0,  0, 161  # Becomes 17:52 ex Kirkcaldy
134, 15:24 ex Dunblane, 17:10 Dunblane,            3, 1629,  5, 1710, 11, 11,  0,  1, 172  # Becomes 18:24 ex Dunblane
135, 12:00 ex KingsX, 16:36 Inverness,            15, 1636,  0,    0,  2,  0,  0,  5,   0
136, 15:52 ex Kirkcaldy, 17:03 Cardenden,          1, 1642,  5, 1703, 11, 11,  0,  1,   0  
137, 16:00 ex Glasgow QS, 17:00 Glasgow QS,        3, 1648,  5, 1700, 10, 10,  0,  1, 163  # Becomes 18:00 ex Glasgow QS
138, 15:40 ex Dundee, 17:06 Bathgate,              1, 1701,  3, 1706, 22, 22,  0,  1, 154  # Becomes 17:37 ex Bathgate
139, 16:03 ex Stirling, 17:40 Stirling,            3, 1659,  5, 1740, 11, 11,  0,  1,   0  
140, 08:05 ex Plymouth, 17:13 Aberdeen,            3, 1700,  3, 1713,  2,  2,  0,  1,   0
141, 16:37 ex Bathgate, 17:37 Bathgate,            3, 1703,  5, 1737, 22, 22,  0,  1, 160  # Becomes 18:07 ex Bathgate
142, 15:26 ex Glasgow Cen, 17:18 Hamilton Wst,     3, 1706,  5, 1718, 11, 11,  0,  1,   0  
143, 16:28 ex Cowdenbeath, 17:30 Cardenden,        1, 1712,  5, 1730, 11, 11,  0,  1, 173  # Becomes 18:37 ex Cardenden  
144, ECS 17:42 dep, 17:42 Perth,                   1, 1715,  5, 1742, 11, 11,  0,  0,   0  
145, 16:30 ex Glasgow QS, 17:30 Glasgow QS,        3, 1718,  5, 1730, 10, 10,  0,  1, 171  # Becomes 18:30 ex Glasgow QS
146, 14:52 ex Aberdeen, 17:30 KingsX,              1, 1727,  0,    0,  2,  0,  0,  5,   0
147, 16:24 ex Dunblane, 18:10 Dunblane,            3, 1729,  5, 1810, 11, 11,  0,  1, 180  # Becomes 19:24 ex Dunblane
148, ECS 18:00 dep, 18:00 Cardenden,               1, 1730,  5, 1800, 11, 11,  0,  0, 202  # Becomes 22:12 ex Kirkcaldy
149, The Northern Lights, 17:30 Aberdeen,         15, 1730,  0,    0,  2,  0,  0,  5,   0
150, 17:07 ex Bathgate, 18:06 Bathgate,            3, 1733,  5, 1806, 22, 22,  0,  1, 168  # Becomes 18:37 ex Bathgate
151, 17:00 ex Glasgow QS, 18:00 Glasgow QS,        3, 1748,  5, 1800, 10, 10,  0,  1, 175  # Becomes 19:00 ex Glasgow QS
152, 17:03 ex Stirling, 18:40 Stirling,            3, 1759,  5, 1840, 11, 11,  0,  1,   0  
153, 16:40 ex Dundee, 18:13 Dundee,                1, 1801,  5, 1813, 22, 22,  0,  1, 185  # Becomes 19:42 ex Dundee
154, 17:37 ex Bathgate, ECS Haymarket,             3, 1803,  5,    0, 22, 22,  0,  1, 184  # Becomes ECS 21:14 dep
155, ECS 18:18 dep, 18:18 Glasgow Cen,             1, 1806,  5, 1818, 11, 11,  0,  0, 195  # Becomes 20:30 ex Glasgow Cen
156, 14:15 ex Inverness, ECS Haymarket,            3, 1807, 15,    0,  5,  1,  0,  1,   0
157, 17:28 ex Cowdenbeath, 18:45 Cowdenbeath,      1, 1812,  5, 1845, 11, 11,  0,  1, 181  # Becomes 19:48 ex Cowdenbeath
158, 17:30 ex Glasgow QS, 18:30 Glasgow QS,        3, 1818,  5, 1830, 10, 10,  0,  1, 179  # Becomes 19:30 ex Glasgow QS
159, 17:24 ex Dunblane, 19:10 Dunblane,            3, 1829,  5, 1910, 11, 11,  0,  1, 189  # Becomes 20:24 ex Dunblane
160, 18:07 ex Bathgate, 19:06 Bathgate,            3, 1833,  5, 1906, 22, 22,  0,  1, 177  # Becomes 19:37 ex Bathgate
161, 17:52 ex Kirkcaldy, ECS Haymarket,            1, 1842,  5,    0, 11, 11,  0,  1,   0
162, 16:05 ex Aberdeen, ECS Haymarket,             1, 1848, 10,    0, 10, 10,  0,  1,   0  
163, 18:00 ex Glasgow QS, 19:00 Glasgow QS,        3, 1848,  5, 1900, 10, 10,  0,  1, 183  # Becomes 20:00 ex Glasgow QS
164, LE Haymarket, ,                               1, 1855,  5,    0,  7,  7,  0,  0,   0
165, 13:00 ex Euston, ECS Haymarket,               3, 1856, 15,    0,  5,  1,  0,  1,   0
166, 18:14 ex Cowdenbeath, 19:45 Cowdenbeath,      1, 1858,  5, 1945, 11, 11,  0,  1, 190  # Becomes 20:48 ex Cowdenbeath
167, 17:54 ex Dunblane, ECS Haymarket,             3, 1859,  5,    0, 11, 11,  0,  1,   0  
168, 18:37 ex Bathgate, ECS Haymarket,             3, 1903,  5,    0, 22, 22,  0,  1,   0
169, 17:22 ex Glasgow Cen, 19:18 West Calder,      3, 1906,  5, 1918, 11, 11,  0,  1, 186  # Becomes 20:32 ex West Calder
170, 17:42 ex Dundee, 19:13 Dundee,                1, 1907,  5, 1913, 22, 22,  0,  1, 194  # Becomes 20:42 ex Dundee
171, 18:30 ex Glasgow QS, 19:30 Glasgow QS,        3, 1918,  5, 1930, 10, 10,  0,  1, 188  # Becomes 20:30 ex Glasgow QS
172, 18:24 ex Dunblane, 20:10 Dunblane,            3, 1929,  5, 2010, 11, 11,  0,  1, 198  # Becomes 21:24 ex Dunblane
173, 18:37 ex Cardenden, 20:45 Cowdenbeath,        1, 1932,  5, 2045, 11, 11,  0,  1, 199  # Becomes 21:48 ex Cowdenbeath
174, 15:00 ex KingsX, 19:40 Glasgow QS,           15, 1940,  0,    0,  2,  0,  0,  5,   0
175, 19:00 ex Glasgow QS, 20:00 Glasgow QS,        3, 1948,  5, 2000, 10, 10,  0,  1, 191  # Becomes 21:00 ex Glasgow QS
176, 18:07 ex Glasgow Cen, 20:18 Glasgow Cen,      3, 1951,  5, 2018, 11, 11,  0,  1, 210  # Becomes 22:30 ex Glasgow Cen
177, 19:37 ex Bathgate, 20:14 Bathgate,            3, 2003,  5, 2014, 22, 22,  0,  1, 187  # Becomes 20:45 ex Bathgate
178, 18:50 ex Dundee, ECS Haymarket,               1, 2015,  5,    0, 22, 22,  0,  1,   0  
179, 19:30 ex Glasgow QS, 20:30 Glasgow QS,        3, 2018,  5, 2030, 10, 10,  0,  1, 197  # Becomes 21:30 ex Glasgow QS
180, 19:24 ex Dunblane, 21:10 Dunblane,            3, 2029,  5, 2110, 11, 11,  0,  1, 207  # Becomes 22:24 ex Dunblane
181, 19:48 ex Cowdenbeath, 21:45 Cowdenbeath,      1, 2032,  5, 2145, 11, 11,  0,  1, 208  # Becomes 22:48 ex Cowdenbeath
182, 16:00 ex KingsX, The Aberdonian,             15, 2042,  0,    0,  2,  0,  0,  5,   0
183, 20:00 ex Glasgow QS, 21:00 Glasgow QS,        3, 2048,  5, 2100, 10, 10,  0,  1, 200  # Becomes 22:00 ex Glasgow QS
184, ECS 21:14 dep, 21:14 Bathgate,                1, 2100,  5, 2114, 22, 22,  0,  0, 196  # Becomes 21:45 ex Bathgate
185, 19:42 ex Dundee, 21:13 Dundee,                1, 2105,  5, 2113, 22, 22,  0,  1,   0 
186, 20:32 ex West Calder, 21:18 West Calder,      3, 2106,  5, 2118, 11, 11,  0,  1,   0  
187, 20:45 ex Bathgate, 22:06 Bathgate,            3, 2111,  5, 2206, 22, 22,  0,  1, 203  # Becomes 22:37 ex Bathgate
188, 20:30 ex Glasgow QS, 21:30 Glasgow QS,        3, 2118,  5, 2130, 10, 10,  0,  1, 205  # Becomes 22:30 ex Glasgow QS
189, 20:24 ex Dunblane, 22:10 Dunblane,            3, 2129,  5, 2210, 11, 11,  0,  1,   0
190, 20:48 ex Cowdenbeath, ECS Haymarket,          1, 2132,  5,    0, 11, 11,  0,  1,   0
191, 21:00 ex Glasgow QS, ECS Haymarket,           3, 2148,  5,    0, 10, 10,  0,  1,   0
192, 18:15 ex Inverness, ECS Haymarket,            3, 2154, 15,    0,  5,  1,  0,  2,   0  
193, 17:00 ex KingsX, 22:00 Glasgow QS,           15, 2200,  0,    0,  2,  2,  0,  5, 209  # Becomes 23:00 ex Glasgow QS
194, 20:42 ex Dundee, 22:25 Dundee,                1, 2205,  5, 2225, 22, 22,  0,  1,   0
195, 20:30 ex Glasgow Cen, 22:18 Glasgow Cen,      3, 2206,  5, 2218, 11, 11,  0,  1,   0 
196, 21:45 ex Bathgate, 23:06 Bathgate,            3, 2211,  5, 2306, 22, 22,  0,  1, 211  # Becomes 23:37 ex Bathgate
197, 21:30 ex Glasgow QS, 22:30 Glasgow QS,        3, 2218,  5, 2230, 10, 10,  0,  1,   0  
198, 21:24 ex Dunblane, ECS Haymarket,             3, 2229,  5,    0, 11, 11,  0,  1,   0
199, 21:48 ex Cowdenbeath, 23:03 Cowdenbeath,      1, 2232,  5, 2303, 11, 11,  0,  1,   0
200, 22:00 ex Glasgow QS, ECS Haymarket,           3, 2248,  5,    0, 10, 10,  0,  1,   0
201, Stock 23:40 sleeper, 23:40 Euston,            3, 2300,  5, 2340,  1,  5,  0,  0,   0
202, 22:12 ex Kirkcaldy, 23:30 Markinch,           1, 2302,  5, 2330, 11, 11,  0,  1,   0
203, 22:37 ex Bathgate, ECS Haymarket,             3, 2303,  5,    0, 22, 22,  0,  1,   0
204, LE Haymarket, ,                               1, 2310,  5,    0,  8,  8,  0,  0,   0  # For 23:40 sleeper
205, 22:30 ex Glasgow QS, ECS Haymarket,           3, 2318, 10,    0, 10, 10,  0,  1,   0
206, 20:30 ex Aberdeen, ECS Haymarket,             1, 2320, 10,    0, 10, 10,  0,  1,   0
207, 22:24 ex Dunblane, ECS Haymarket,             3, 2329,  5,    0, 11, 11,  0,  1,   0
208, 22:48 ex Cowdenbeath, ECS Haymarket,          1, 2332,  5,    0, 11, 11,  0,  1,   0
209, 23:00 ex Glasgow QS, ECS Craigentinny,        3, 2353,  5,    0,  2,  2,  0,  1,   0
210, 22:30 ex Glasgow Cen, ECS Haymarket,          3, 2355,  5,    0, 11, 11,  0,  1,   0
211, 23:37 ex Bathgate, ECS Haymarket,             3, 2359,  5,    0, 22, 22,  0,  1,   0




[LOCOYARD]
Disabled

[GENERAL]
DrawSelectorNumber=F
DrawSectionNumber=F
StartTime= 0558
StopTime= 2358
StartText1= Summer Friday in 1988 - 05:58hrs 
StartText2= Prepare to start your 19 hour shift as
StartText3= duty controller at Edinburgh Waverly Station



